1 95350 599.0274 533.4952 618.0543 811.3651
1 64538 1131.783 438.3088 1128.465 541.9658
1 98186 855.0471 572.2993 861.9405 915.9978
1 97878 1188.011 433.1676 1184.034 526.8726
1 72178 717.0195 420.9448 720.1702 490.7592
1 88488 1059.358 429.5422 1057.756 516.1956
1 83036 645.4328 435.3748 651.1729 533.3596
1 73616 1138.599 424.8552 1136.027 502.3488
1 66512 674.2911 480.728 684.1432 664.332
1 98524 583.7678 498.5831 599.0912 714.713
1 78310 469.8926 456.4854 482.5728 594.8668
1 85594 343.7901 456.2654 359.6843 594.2313
1 78316 103.7197 804.4489 220.5347 1486.655
1 83628 937.0436 451.6696 937.5978 580.9202
1 85044 935.666 458.7312 936.3151 601.3544
1 64352 752.9924 425.8405 756.0488 505.2637
1 86476 804.4857 424.1399 806.6848 500.2317
2 95350 493.8698 532.9965 518.3607 810.0013
2 64538 1132.534 440.528 1129.063 548.4625
2 98186 981.5972 567.3936 980.2137 902.9285
2 97878 1185.473 431.5 1181.677 521.965
2 72178 692.3866 420.8776 695.85 490.56
2 88488 1064.466 431.0877 1062.724 520.7509
2 83036 677.3633 433.9771 682.3768 529.2534
2 73616 1145.464 426.0801 1142.71 505.9725
2 66512 674.2911 480.728 684.1432 664.332
2 98524 583.7678 498.5831 599.0912 714.713
2 78310 469.8926 456.4854 482.5728 594.8668
2 85594 343.7901 456.2654 359.6843 594.2313
2 78316 103.7197 804.4489 220.5347 1486.655
2 83628 937.0436 451.6696 937.5978 580.9202
2 85044 935.666 458.7312 936.3151 601.3544
2 64352 752.9924 425.8405 756.0488 505.2637
2 86476 804.4857 424.1399 806.6848 500.2317
3 95350 389.4214 532.5013 419.3043 808.6465
3 64538 1133.353 442.9443 1129.713 555.5247
3 84960 1113.585 418.6803 1111.721 484.0325
3 98186 1087.423 557.2075 1079.691 875.6464
3 97878 1183.109 429.9467 1179.479 517.3881
3 72178 667.8486 420.8108 671.6224 490.3616
3 88488 1069.952 432.7475 1068.051 525.6368
3 83036 707.5301 432.6567 711.887 525.3702
3 73616 1152.778 427.3853 1149.823 509.8296
3 66512 674.2911 480.728 684.1432 664.332
3 98524 583.7678 498.5831 599.0912 714.713
3 78310 469.8926 456.4854 482.5728 594.8668
3 85594 343.7901 456.2654 359.6843 594.2313
3 78316 103.7197 804.4489 220.5347 1486.655
3 83628 937.0436 451.6696 937.5978 580.9202
3 85044 935.666 458.7312 936.3151 601.3544
3 64352 752.9924 425.8405 756.0488 505.2637
3 86476 804.4857 424.1399 806.6848 500.2317
4 95350 285.6752 532.0091 320.8791 807.3002
4 64538 1134.247 445.5856 1130.422 563.2296
4 84960 1117.489 419.5419 1115.528 486.5936
4 98186 1164.204 545.629 1152.604 844.3942
4 97878 1180.901 428.4963 1177.424 513.1098
4 88488 1075.859 434.5344 1073.78 530.8908
4 83036 736.0757 431.4072 739.8379 521.6921
4 73616 1160.587 428.7786 1157.409 513.9432
4 77294 548.8545 434.6701 556.2514 531.2895
4 66512 674.2911 480.728 684.1432 664.332
4 98524 583.7678 498.5831 599.0912 714.713
4 78310 469.8926 456.4854 482.5728 594.8668
4 85594 343.7901 456.2654 359.6843 594.2313
4 78316 103.7197 804.4489 220.5347 1486.655
4 83628 937.0436 451.6696 937.5978 580.9202
4 85044 935.666 458.7312 936.3151 601.3544
4 64352 752.9924 425.8405 756.0488 505.2637
4 86476 804.4857 424.1399 806.6848 500.2317
5 95350 182.6249 531.5204 223.0796 805.9624
5 64538 1135.228 448.4846 1131.199 571.6687
5 84960 1121.606 420.4506 1119.54 489.2923
5 98186 1218.623 532.8019 1205.052 809.4697
5 97878 1178.835 427.1389 1175.5 509.1016
5 88488 1082.237 436.4639 1079.958 536.5562
5 83036 763.1271 430.2231 766.3497 518.2034
5 73616 1168.942 430.2693 1165.518 518.34
5 77294 582.9644 434.7953 589.7646 531.6572
5 66512 674.2911 480.728 684.1432 664.332
5 98524 583.7678 498.5831 599.0912 714.713
5 78310 469.8926 456.4854 482.5728 594.8668
5 85594 343.7901 456.2654 359.6843 594.2313
5 78316 103.7197 804.4489 220.5347 1486.655
5 83628 937.0436 451.6696 937.5978 580.9202
5 85044 935.666 458.7312 936.3151 601.3544
5 64352 752.9924 425.8405 756.0488 505.2637
5 86476 804.4857 424.1399 806.6848 500.2317
6 95350 80.26205 531.0351 125.8989 804.6332
6 64538 1136.311 451.6807 1132.053 580.9525
6 84960 1122.683 421.3218 1120.551 491.8781
6 98186 1242.024 519.8387 1228.47 773.8474
6 97878 1176.897 425.8658 1173.693 505.3387
6 88488 1089.144 438.5538 1086.638 542.6832
6 83036 790.7514 429.342 793.4673 515.6053
6 73616 1177.902 431.8684 1174.204 523.05
6 77294 617.2501 434.9211 623.4478 532.0268
6 66512 674.2911 480.728 684.1432 664.332
6 98524 583.7678 498.5831 599.0912 714.713
6 78310 469.8926 456.4854 482.5728 594.8668
6 85594 343.7901 456.2654 359.6843 594.2313
6 78316 103.7197 804.4489 220.5347 1486.655
6 83628 937.0436 451.6696 937.5978 580.9202
6 85044 935.666 458.7312 936.3151 601.3544
6 64352 752.9924 425.8405 756.0488 505.2637
6 86476 804.4857 424.1399 806.6848 500.2317
7 95350 -21.41899 530.5529 29.33189 803.3125
7 64538 1137.375 455.2207 1132.866 591.2092
7 84960 1123.136 422.3181 1120.938 494.8332
7 98186 1260.077 509.3489 1246.737 744.7781
7 97878 1175.076 424.6696 1171.993 501.7994
7 88488 1096.651 440.8249 1093.887 549.3306
7 83036 819.0211 428.498 821.2397 513.1151
7 73616 1187.537 433.5876 1183.533 528.1083
7 77294 651.7142 435.0477 657.3029 532.3983
7 66512 674.2911 480.728 684.1432 664.332
7 98524 583.7678 498.5831 599.0912 714.713
7 78310 469.8926 456.4854 482.5728 594.8668
7 85594 343.7901 456.2654 359.6843 594.2313
7 78316 103.7197 804.4489 220.5347 1486.655
7 83628 937.0436 451.6696 937.5978 580.9202
7 85044 935.666 458.7312 936.3151 601.3544
7 64352 752.9924 425.8405 756.0488 505.2637
7 86476 804.4857 424.1399 806.6848 500.2317
8 64538 1138.461 459.1638 1133.672 602.6027
8 84960 1123.615 423.3724 1121.348 497.9583
8 98186 1250.434 498.5856 1238.604 714.7207
8 97878 1172.306 423.6247 1169.344 498.7056
8 88488 1104.838 443.3018 1101.778 556.5677
8 83036 846.2068 427.6864 847.9638 510.719
8 73616 1197.924 435.4412 1193.577 533.5546
8 77294 686.3574 435.1747 691.3307 532.7715
8 66512 674.2911 480.728 684.1432 664.332
8 98524 583.7678 498.5831 599.0912 714.713
8 78310 469.8926 456.4854 482.5728 594.8668
8 85594 343.7901 456.2654 359.6843 594.2313
8 78316 103.7197 804.4489 220.5347 1486.655
8 83628 937.0436 451.6696 937.5978 580.9202
8 85044 935.666 458.7312 936.3151 601.3544
8 64352 752.9924 425.8405 756.0488 505.2637
8 86476 804.4857 424.1399 806.6848 500.2317
9 64538 1139.678 463.5845 1134.574 615.3368
9 84960 1124.124 424.4902 1121.782 501.2684
9 98186 1241.515 489.534 1230.938 689.2615
9 97878 1166.657 422.5427 1163.856 495.4994
9 88488 1113.802 446.0137 1110.402 564.4765
9 83036 872.3698 426.9052 873.6978 508.4115
9 73616 1211.319 437.3507 1206.552 539.1575
9 77294 721.4808 434.7377 725.7779 531.4882
9 66512 674.2911 480.728 684.1432 664.332
9 98524 583.7678 498.5831 599.0912 714.713
9 78310 469.8926 456.4854 482.5728 594.8668
9 85594 343.7901 456.2654 359.6843 594.2313
9 78316 103.7197 804.4489 220.5347 1486.655
9 83628 937.0436 451.6696 937.5978 580.9202
9 85044 935.666 458.7312 936.3151 601.3544
9 64352 752.9924 425.8405 756.0488 505.2637
9 86476 804.4857 424.1399 806.6848 500.2317
10 64538 1141.053 468.5751 1135.588 629.6631
10 84960 1124.664 425.6771 1122.242 504.7806
10 98186 1233.926 481.8313 1224.374 667.4641
10 97878 1161.326 421.5215 1158.673 492.4708
10 88488 1123.659 448.9958 1119.865 573.1552
10 83036 897.5667 426.153 898.4956 506.188
10 73616 1226.524 439.5023 1221.26 545.4611
10 77294 757.4872 434.2349 761.0985 530.0107
10 66512 674.2911 480.728 684.1432 664.332
10 98524 583.7678 498.5831 599.0912 714.713
10 78310 469.8926 456.4854 482.5728 594.8668
10 85594 343.7901 456.2654 359.6843 594.2313
10 78316 103.7197 804.4489 220.5347 1486.655
10 83628 937.0436 451.6696 937.5978 580.9202
10 85044 935.666 458.7312 936.3151 601.3544
10 64352 752.9924 425.8405 756.0488 505.2637
10 86476 804.4857 424.1399 806.6848 500.2317
