1 -38444 1567.912 942.025 1488.12 942.025 1538.619 995.8483 1626.04 995.8483 1619.338 550.0771 1532.797 550.0771 1592.685 567.95 1688.275 567.95 1553.935 967.7087
1 -40710 889.1332 608.4183 856.6312 608.4183 852.8211 616.8698 886.521 616.8698 886.8077 445.4407 853.2394 445.4407 849.1702 447.9681 884.0181 447.9681 871.306 612.5675
1 -42110 641.6038 552.2389 617.0656 552.2389 607.6075 557.013 632.8226 557.013 633.7789 428.795 608.6377 428.795 598.7025 430.1993 624.5547 430.1993 624.8366 554.5934
1 -42700 1003.675 582.0228 974.9155 582.0228 975.4 588.6123 1005.094 588.6123 1004.938 437.5867 975.347 437.5867 975.8602 439.5419 1006.442 439.5419 989.7634 585.2649
1 -42980 1400.479 576.3679 1372.521 576.3679 1385.534 582.5896 1414.374 582.5896 1412.855 435.9117 1384.112 435.9117 1397.878 437.7547 1427.555 437.7547 1393.123 579.4304
1 -44100 1177.414 605.6061 1145.312 605.6061 1152.055 613.8478 1185.326 613.8478 1184.458 444.6011 1151.315 444.6011 1158.511 447.0637 1192.901 447.0637 1164.961 609.6533
1 -44380 1610.986 600.8481 1579.557 600.8481 1601.614 608.7411 1634.161 608.7411 1631.62 443.1821 1599.195 443.1821 1622.698 445.5372 1656.315 445.5372 1606.382 604.7256
1 -46082 1529.415 624.8643 1494.582 624.8643 1515.756 634.5972 1551.969 634.5972 1549.487 450.3644 1513.426 450.3644 1536.151 453.2892 1573.692 453.2892 1522.718 629.6362
1 -46922 1379.296 588.2291 1349.656 588.2291 1362.711 595.235 1393.344 595.235 1391.806 439.428 1361.282 439.428 1375.142 441.5106 1406.721 441.5106 1371.14 591.6743
1 -48628 1793.879 963.1152 1711.098 963.1152 1785.876 1021.255 1876.899 1021.255 1867.297 557.0459 1777.227 557.0459 1866.535 576.4884 1966.448 576.4884 1790.066 990.8069
1 -48908 1848.771 593.8055 1818.341 593.8055 1847.893 601.1966 1879.371 601.1966 1876.019 441.0853 1844.655 441.0853 1876.081 443.286 1908.558 443.286 1848.34 597.4385
1 -50058 322.9329 622.4093 288.4478 622.4093 262.1247 631.9451 297.9616 631.9451 300.7087 449.6279 265.0205 449.6279 236.7903 452.4914 273.9281 452.4914 293.1128 627.0856
1 -50356 1690.883 518.8543 1671.078 518.8543 1686.823 521.9481 1707.067 521.9481 1705.313 419.0286 1685.116 419.0286 1701.496 419.9297 1722.149 419.9297 1688.875 520.3843
1 -51756 1466.934 537.9119 1444.427 537.9119 1456.653 541.9194 1479.729 541.9194 1478.338 424.5925 1455.325 424.5925 1468.115 425.7662 1491.722 425.7662 1461.858 539.8906
1 -52334 1686.77 621.5458 1652.407 621.5458 1679.447 631.0126 1715.152 631.0126 1712.03 449.369 1676.473 449.369 1705.465 452.2111 1742.461 452.2111 1683.178 626.1885
2 -38444 1700.449 941.6739 1620.707 941.6739 1683.84 995.4268 1771.201 995.4268 1763.044 549.9615 1676.561 549.9615 1751.424 567.8088 1846.943 567.8088 1692.522 967.3248
2 -40710 863.2634 597.73 832.2766 597.73 827.7959 605.3987 859.8698 605.3987 860.2418 442.2532 828.2871 442.2532 823.5168 444.5392 856.6288 444.5392 845.835 601.4983
2 -42110 656.3111 558.5342 630.8805 558.5342 621.4641 563.6671 647.6223 563.6671 648.5694 430.6471 622.4905 430.6471 612.5806 432.1596 639.4252 432.1596 639.1336 561.0645
2 -42700 968.3193 587.2305 938.8209 587.2305 938.1147 594.1685 968.5967 594.1685 968.5663 439.1315 938.1921 439.1315 937.4427 441.1933 968.8607 441.1933 953.465 590.6426
2 -42980 1355.31 577.0328 1327.257 577.0328 1338.882 583.2972 1367.823 583.2972 1366.455 436.1085 1337.612 436.1085 1349.913 437.9645 1379.696 437.9645 1347.224 580.1162
2 -44100 1229.667 604.6684 1197.696 604.6684 1206.309 612.8407 1239.438 612.8407 1238.366 444.3214 1205.364 444.3214 1214.553 446.7625 1248.79 446.7625 1218.196 608.6818
2 -44380 1660.387 599.9493 1629.086 599.9493 1652.805 607.7772 1685.216 607.7772 1682.494 442.9143 1650.204 442.9143 1675.473 445.2493 1708.944 445.2493 1656.662 603.7951
2 -46082 1533.819 612.8284 1500.692 612.8284 1521.02 621.6143 1555.392 621.6143 1553.022 446.7588 1518.787 446.7588 1540.525 449.3896 1576.093 449.3896 1527.538 617.1404
2 -46922 1367.573 597.7167 1336.588 597.7167 1349.798 605.3843 1381.87 605.3843 1380.303 442.2493 1348.35 442.2493 1362.414 444.535 1395.524 444.535 1358.839 601.4844
2 -48628 1772.176 1028.173 1680.172 1028.173 1760.753 1100.794 1863.051 1100.794 1852.436 578.8245 1751.34 578.8245 1849.722 603.6505 1963.386 603.6505 1766.768 1062.56
2 -48908 1871.809 605.0542 1839.784 605.0542 1871.72 613.255 1904.907 613.255 1901.275 444.4365 1868.215 444.4365 1902.289 446.8864 1936.588 446.8864 1871.765 609.0815
2 -50058 370.1892 626.0233 335.1918 626.0233 310.3226 635.8502 346.7131 635.8502 349.2971 450.7122 313.0599 450.7122 286.3601 453.6663 324.0928 453.6663 340.8397 630.8409
2 -51756 1431.599 538.5803 1408.996 538.5803 1420.378 542.6219 1443.553 542.6219 1442.253 424.7881 1419.141 424.7881 1431.049 425.9722 1454.761 425.9722 1426.058 540.5758
2 -52334 1740.089 620.3784 1705.891 620.3784 1734.875 629.7524 1770.401 629.7524 1767.067 449.019 1731.687 449.019 1762.752 451.8323 1799.556 451.8323 1737.531 624.9761
3 -38444 1832.818 941.3231 1753.126 941.3231 1828.86 995.0059 1916.162 995.0059 1906.554 549.846 1820.129 549.846 1909.925 567.668 2005.372 567.668 1830.93 966.9414
3 -40710 839.6974 587.9938 810.0915 587.9938 805.0746 594.9836 835.6714 594.9836 836.1121 439.3582 805.6238 439.3582 800.298 441.4359 831.8382 441.4359 822.671 591.4312
3 -42110 672.1292 565.3047 645.7388 565.3047 636.3981 570.8383 663.5729 570.8383 664.5065 432.6427 637.4172 432.6427 627.5675 434.2765 655.4838 434.2765 654.5249 568.031
3 -42700 937.6835 596.5518 906.8644 596.5518 905.0107 604.1365 936.9049 604.1365 936.9902 441.9025 905.2139 441.9025 903.2411 444.1627 936.1617 444.1627 921.6271 600.2791
3 -42980 1309.835 577.7021 1281.687 577.7021 1291.905 584.0097 1320.947 584.0097 1319.732 436.3066 1290.788 436.3066 1301.603 438.1758 1331.493 438.1758 1301.01 580.8066
3 -44100 1281.488 603.7384 1249.65 603.7384 1260.101 611.8422 1293.088 611.8422 1291.815 444.0439 1258.954 444.0439 1270.1 446.4639 1304.186 446.4639 1270.984 607.7185
3 -44380 1709.39 599.0577 1678.215 599.0577 1703.569 606.8214 1735.845 606.8214 1732.944 442.6487 1700.79 442.6487 1727.793 444.9639 1761.12 444.9639 1706.53 602.8723
3 -46082 1546.684 603.7676 1514.841 603.7676 1534.863 611.8735 1567.854 611.8735 1565.532 444.0526 1532.666 444.0526 1554.02 446.4733 1588.111 446.4733 1540.878 607.7488
3 -46922 1354.736 608.1061 1322.279 608.1061 1335.613 616.5341 1369.266 616.5341 1367.671 445.3475 1334.149 445.3475 1348.389 447.8676 1383.186 447.8676 1345.347 612.2439
3 -48908 1897.395 617.5471 1863.599 617.5471 1898.283 626.6982 1933.376 626.6982 1929.42 448.1708 1894.47 448.1708 1931.612 450.9149 1967.952 450.9149 1897.83 622.0365
3 -50058 418.8708 629.7464 383.3456 629.7464 360.033 639.878 396.9944 639.878 399.4036 451.8304 362.6003 451.8304 337.5438 454.8796 375.8906 454.8796 390.0351 634.7118
3 -51756 1395.964 539.2542 1373.266 539.2542 1383.787 543.3306 1407.063 543.3306 1405.856 424.9855 1382.643 424.9855 1393.654 426.1799 1417.471 426.1799 1389.952 541.2668
3 -52334 1792.897 619.2222 1758.863 619.2222 1789.75 628.5049 1825.1 628.5049 1821.559 448.6726 1786.354 448.6726 1819.448 451.4575 1856.062 451.4575 1791.353 623.7756
4 -40710 818.1419 579.088 789.7977 579.088 784.3523 585.4852 813.6033 585.4852 814.0995 436.717 784.9476 436.717 779.1822 438.6135 809.2942 438.6135 801.5134 582.2362
4 -42110 689.1874 572.6064 661.7626 572.6064 652.5397 578.5895 680.8126 578.5895 681.7274 434.7991 653.5471 434.7991 643.8008 436.5695 672.8773 436.5695 671.1425 575.5524
4 -42700 904.175 606.7472 871.91 606.7472 868.6875 615.0736 902.1328 615.0736 902.357 444.9418 869.0412 444.9418 865.6013 447.4304 900.1771 447.4304 886.7496 610.8357
4 -42980 1264.05 578.3761 1235.807 578.3761 1244.599 584.7272 1273.742 584.7272 1272.683 436.5062 1243.637 436.5062 1252.944 438.3887 1282.942 438.3887 1254.477 581.5018
4 -44100 1332.884 602.816 1301.177 602.816 1313.434 610.8522 1346.281 610.8522 1344.811 443.7688 1312.089 443.7688 1325.159 446.168 1359.095 446.168 1323.331 606.7632
4 -44380 1761.209 600.7662 1729.792 600.7662 1757.186 608.6532 1789.72 608.6532 1786.594 443.1578 1754.181 443.1578 1783.371 445.5109 1816.975 445.5109 1759.232 604.6407
4 -46082 1575.359 597.5385 1544.399 597.5385 1564.882 605.1934 1596.927 605.1934 1594.563 442.1962 1562.637 442.1962 1584.442 444.478 1617.523 444.478 1570.211 601.3
4 -46922 1343.998 619.4264 1309.936 619.4264 1323.478 628.7252 1358.858 628.7252 1357.224 448.7338 1321.988 448.7338 1336.499 451.5237 1373.146 451.5237 1333.933 623.9875
4 -50058 464.9912 633.9539 428.8696 633.9539 407.0221 644.4355 444.6295 644.4355 446.8733 453.0956 409.4296 453.0956 385.9181 456.254 424.9608 456.254 436.5912 639.0891
4 -51756 1360.027 539.934 1337.233 539.934 1346.878 544.0455 1370.255 544.0455 1369.143 425.1846 1345.83 425.1846 1355.926 426.3895 1379.849 426.3895 1353.536 541.9637
4 -52334 1845.201 618.077 1811.33 618.077 1844.083 627.2698 1879.257 627.2698 1875.513 448.3296 1840.482 448.3296 1875.562 451.0864 1911.989 451.0864 1844.652 622.5867
5 -39284 1886.625 824.2137 1823.533 824.2137 1887.541 857.2045 1955.309 857.2045 1947.528 511.9479 1880.289 511.9479 1953.343 522.4908 2025.919 522.4908 1887.067 840.1196
5 -40710 798.3495 570.9105 771.1645 570.9105 765.3776 576.7876 793.3956 576.7876 793.9366 434.2979 766.0095 434.2979 759.8972 436.0359 788.7042 436.0359 782.1119 573.8047
5 -42110 707.6389 580.5041 679.094 580.5041 670.041 586.9938 699.5059 586.9938 700.3953 437.1365 671.0309 437.1365 661.442 439.0613 691.7806 439.0613 689.1384 583.6975
5 -42700 867.3685 617.9459 833.516 617.9459 828.6526 627.1284 863.8068 627.1284 864.1983 448.2903 829.1873 448.2903 823.9785 451.044 860.3837 451.044 848.3753 622.4506
5 -42980 1217.955 579.0546 1189.615 579.0546 1196.96 585.4497 1226.206 585.4497 1225.304 436.7071 1196.157 436.7071 1203.934 438.603 1234.04 438.603 1207.623 582.2018
5 -44100 1383.86 601.9011 1352.282 601.9011 1366.316 609.8706 1399.024 609.8706 1397.36 443.496 1364.776 443.496 1379.735 445.8746 1413.523 445.8746 1375.242 605.8158
5 -44380 1832.924 611.1657 1800.033 611.1657 1831.382 619.8247 1865.5 619.8247 1861.922 446.2616 1827.938 446.2616 1861.446 448.8531 1896.742 448.8531 1832.167 615.4159
5 -46082 1602.487 591.6455 1572.362 591.6455 1593.227 598.8861 1624.377 598.8861 1621.98 440.4431 1590.941 440.4431 1613.114 442.5976 1645.243 442.5976 1597.934 595.2051
5 -46922 1336.714 633.1962 1300.7 633.1962 1314.671 643.6144 1352.162 643.6144 1350.46 452.8677 1313.131 452.8677 1328.163 456.0063 1367.08 456.0063 1325.913 638.3007
5 -50058 479.5063 647.4799 441.4681 647.4799 418.9576 659.1293 458.647 659.1293 460.95 457.1732 421.4429 457.1732 397.1192 460.6977 438.4107 460.6977 449.875 653.1809
5 -51756 1323.783 540.6195 1300.892 540.6195 1309.647 544.7665 1333.126 544.7665 1332.11 425.3854 1308.695 425.3854 1317.86 426.601 1341.89 426.601 1316.805 542.6667
5 -52334 1897.013 616.9427 1863.303 616.9427 1897.884 626.0468 1932.885 626.0468 1928.942 447.9899 1894.083 447.9899 1931.109 450.7192 1967.349 450.7192 1897.44 621.4093
6 -39284 1781.899 824.4498 1718.774 824.4498 1775.049 857.4768 1842.856 857.4768 1835.95 512.0229 1768.673 512.0229 1832.906 522.5783 1905.527 522.5783 1778.596 840.3728
6 -40710 780.1117 563.3757 753.9948 563.3757 747.937 568.7935 774.8219 568.7935 775.399 432.0737 748.5978 432.0737 742.2136 433.6724 769.8241 433.6724 764.2578 566.0453
6 -42110 727.6609 589.0741 697.9012 589.0741 689.0828 596.1376 719.8438 596.1376 720.6997 439.679 690.0483 439.679 680.6841 441.7792 712.3987 441.7792 708.6907 592.5474
6 -42700 826.7528 630.3036 791.1486 630.3036 784.3065 640.4813 821.3535 640.4813 821.9481 451.998 785.0601 451.998 777.705 455.0613 816.144 455.0613 805.9515 635.2914
6 -42980 1171.544 579.7377 1143.108 579.7377 1148.986 586.1772 1178.335 586.1772 1177.592 436.9095 1148.343 436.9095 1154.568 438.819 1184.784 438.819 1160.443 582.9066
6 -44100 1434.42 600.9938 1402.971 600.9938 1418.751 608.8972 1451.321 608.8972 1449.467 443.2255 1417.021 443.2255 1433.837 445.5838 1467.477 445.5838 1426.722 604.8763
6 -44380 1911.707 622.5892 1877.196 622.5892 1913.175 632.1393 1949.04 632.1393 1944.933 449.6818 1909.217 449.6818 1947.805 452.5497 1984.973 452.5497 1912.427 627.2723
6 -46082 1628.189 586.0621 1598.856 586.0621 1620.032 592.9211 1650.337 592.9211 1647.913 438.7848 1617.715 438.7848 1640.181 440.8223 1671.412 440.8223 1624.177 589.4357
6 -46922 1328.544 648.6401 1290.34 648.6401 1304.746 660.3928 1344.615 660.3928 1342.84 457.5237 1303.155 457.5237 1318.726 461.0807 1360.213 461.0807 1316.899 654.3911
6 -48908 1916.861 653.6915 1877.941 653.6915 1918.754 665.8988 1959.404 665.8988 1954.703 459.051 1914.244 459.051 1958.427 462.7513 2000.759 462.7513 1917.787 659.6624
6 -50058 495.6496 662.5225 455.4782 662.5225 432.2916 675.5463 474.3091 675.5463 476.6705 461.7266 434.8572 461.7266 409.6891 465.6848 453.5064 465.6848 464.6817 668.8881
6 -50636 391.4756 582.8108 362.6043 582.8108 343.1238 589.4525 372.9365 589.4525 374.9645 437.8203 345.2548 437.8203 324.6068 439.7914 355.3145 439.7914 367.6875 586.0784
6 -51756 1287.23 541.3109 1264.241 541.3109 1272.088 545.494 1295.67 545.494 1294.752 425.5879 1271.235 425.5879 1279.452 426.8144 1303.591 426.8144 1279.755 543.3758
6 -52894 1885.523 606.7291 1853.261 606.7291 1885.935 615.0542 1919.377 615.0542 1915.661 444.9363 1882.348 444.9363 1917.227 447.4246 1951.799 447.4246 1885.725 610.8169
7 -39284 1677.062 824.6862 1613.904 824.6862 1662.429 857.7495 1730.273 857.7495 1724.244 512.0981 1656.931 512.0981 1712.322 522.6659 1784.985 522.6659 1670.007 840.6263
7 -40710 763.2534 556.4105 738.1239 556.4105 731.853 561.4208 757.6928 561.4208 758.2988 430.0219 732.5364 430.0219 725.941 431.4974 752.4504 431.4974 747.7717 558.8807
7 -42110 749.4623 598.4059 718.3798 598.4059 709.8762 606.1229 742.0527 606.1229 742.8651 442.4545 710.8085 442.4545 701.7538 444.7554 734.9751 444.7554 730.0118 602.1976
7 -42700 781.7042 644.0101 744.157 644.0101 734.9131 655.3539 774.0684 655.3539 774.911 456.1256 735.9333 456.1256 725.9553 459.5541 766.6688 459.5541 758.7996 649.5631
7 -42980 1124.814 580.4254 1096.281 580.4254 1100.672 586.91 1130.124 586.91 1129.543 437.1133 1100.192 437.1133 1104.842 439.0364 1135.167 439.0364 1112.934 583.6163
7 -44100 1484.57 600.0938 1453.248 600.0938 1470.746 607.9321 1503.179 607.9321 1501.138 442.9573 1468.827 442.9573 1487.468 445.2955 1520.963 445.2955 1477.778 603.9446
7 -46082 1652.575 580.7647 1623.993 580.7647 1645.421 587.2715 1674.925 587.2715 1672.481 437.2138 1643.078 437.2138 1665.776 439.1437 1696.156 439.1437 1649.055 583.9664
7 -46362 1602.141 1006.061 1513.271 1006.061 1572.842 1073.562 1671.279 1073.562 1663.23 571.3742 1565.906 571.3742 1638.089 594.2761 1747.008 594.2761 1588.238 1038.087
7 -46922 1319.317 666.0833 1278.641 666.0833 1293.477 679.4441 1336.047 679.4441 1334.195 462.8073 1291.834 462.8073 1307.956 466.8724 1352.375 466.8724 1306.69 672.6117
7 -48908 1898.351 664.6549 1857.878 664.6549 1899.467 677.88 1941.815 677.88 1937.005 462.3736 1894.864 462.3736 1940.036 466.3957 1984.213 466.3957 1898.896 671.1178
7 -50058 513.7092 679.3516 471.1533 679.3516 447.2877 694.0083 491.9213 694.0083 494.338 466.8442 449.9348 466.8442 423.8974 471.3215 470.5672 471.3215 481.2899 686.5052
7 -50636 441.3666 582.0715 412.5995 582.0715 394.8162 588.6643 424.5179 588.6643 426.3607 437.6011 396.7613 437.6011 377.9163 439.5573 408.5061 439.5573 418.4637 585.3152
7 -51756 1250.362 542.0082 1227.274 542.0082 1234.198 546.2278 1257.884 546.2278 1257.066 425.7923 1233.445 425.7923 1240.697 427.0297 1264.945 427.0297 1242.383 544.0911
7 -52894 1835.917 607.7727 1803.506 607.7727 1834.507 616.1757 1868.109 616.1757 1864.575 445.2479 1831.104 445.2479 1864.206 447.7603 1898.949 447.7603 1835.225 611.8983
8 -39284 1572.114 824.9227 1508.921 824.9227 1549.679 858.0225 1617.563 858.0225 1612.413 512.1734 1545.061 512.1734 1591.589 522.7537 1664.298 522.7537 1561.299 840.8802
8 -40710 747.6228 549.9528 723.4087 549.9528 716.9721 554.6 741.845 554.6 742.4741 428.1233 717.673 428.1233 710.9161 429.4893 736.4088 429.4893 732.5035 552.2452
8 -42110 773.2927 608.6059 740.7642 608.6059 732.6763 617.0714 766.4048 617.0714 767.1611 445.4968 733.5643 445.4968 724.926 448.0284 759.8044 448.0284 753.352 612.762
8 -42700 731.4551 659.2989 691.7416 659.2989 679.5598 672.0214 721.0767 672.0214 722.2245 460.7491 680.907 460.7491 667.697 464.6121 710.9702 464.6121 706.0835 665.5189
8 -42980 1077.764 581.118 1049.132 581.118 1052.014 587.6479 1081.571 587.6479 1081.155 437.3185 1051.698 437.3185 1054.751 439.2555 1085.188 439.2555 1065.094 584.3311
8 -44100 1534.315 599.2009 1503.119 599.2009 1522.306 606.975 1554.603 606.975 1552.378 442.6913 1520.202 442.6913 1540.637 445.0098 1573.987 445.0098 1528.414 603.0205
8 -46082 1675.744 575.7317 1647.876 575.7317 1669.502 581.9127 1698.247 581.9127 1695.788 435.7234 1667.139 435.7234 1690.014 437.554 1719.59 437.554 1672.672 578.7744
8 -46362 1586.904 928.6357 1509.01 928.6357 1560.141 979.8125 1645.29 979.8125 1638.572 545.6758 1554.258 545.6758 1614.628 562.5946 1707.507 562.5946 1574.117 953.0854
8 -46922 1308.812 685.9404 1265.321 685.9404 1280.57 701.2639 1326.233 701.2639 1324.299 468.8546 1278.877 468.8546 1295.547 473.545 1343.344 473.545 1295.035 693.4154
8 -48908 1878.302 676.5303 1836.145 676.5303 1878.497 690.9062 1922.691 690.9062 1917.77 465.9845 1873.802 465.9845 1919.968 470.3723 1966.158 470.3723 1878.397 683.5486
8 -50058 534.0504 698.3058 488.8066 698.3058 464.275 714.9227 511.8743 714.9227 514.3408 472.6379 467.0034 472.6379 440.0842 477.7436 490.0063 477.7436 500.0473 706.4034
8 -50636 490.8967 581.3375 462.2336 581.3375 446.1231 587.8819 475.7139 587.8819 477.3745 437.3835 447.8851 437.3835 430.8166 439.325 461.2887 439.325 468.8668 584.5576
8 -51756 1213.175 542.7116 1189.987 542.7116 1195.972 546.9682 1219.763 546.9682 1219.047 425.9984 1195.321 425.9984 1201.59 427.247 1225.948 427.247 1204.684 544.8126
8 -52894 1785.853 608.8258 1753.293 608.8258 1782.588 617.3078 1816.35 617.3078 1813.002 445.5624 1779.372 445.5624 1810.662 448.0992 1845.576 448.0992 1784.25 612.9899
9 -39284 1467.054 825.1596 1403.828 825.1596 1436.802 858.2958 1504.725 858.2958 1500.456 512.2487 1433.066 512.2487 1470.71 522.8414 1543.464 522.8414 1452.469 841.1344
9 -40710 714.4249 548.4094 690.4295 548.4094 683.1638 552.9719 707.8059 552.9719 708.5265 427.67 683.9547 427.67 676.3308 429.0105 701.5812 429.0105 699.0025 550.6603
9 -42110 799.4475 619.8011 765.332 619.8011 757.7866 629.1296 793.2244 629.1296 793.9087 448.8461 758.6163 448.8461 750.5305 451.6451 787.2399 451.6451 779.0135 624.3767
9 -42700 675.0509 676.4607 632.9038 676.4607 617.0961 690.8296 661.2802 690.8296 662.8069 465.9633 618.8488 465.9633 601.6176 470.3489 647.7961 470.3489 646.7568 683.4756
9 -42980 1030.389 581.8154 1001.658 581.8154 1003.01 588.3914 1032.672 588.3914 1032.423 437.5251 1002.862 437.5251 1004.294 439.4763 1034.843 439.4763 1016.917 585.0509
9 -44100 1583.659 598.3154 1552.589 598.3154 1573.436 606.0259 1605.599 606.0259 1603.193 442.4276 1571.15 442.4276 1593.348 444.7264 1626.554 444.7264 1578.636 602.104
9 -46082 1697.784 570.9438 1670.594 570.9438 1692.375 576.823 1720.398 576.823 1717.928 434.3077 1689.996 434.3077 1713.002 436.0464 1741.814 436.0464 1695.12 573.839
9 -46362 1574.959 868.2191 1505.629 868.2191 1550.4 908.3499 1625.418 908.3499 1619.664 526.0338 1545.294 526.0338 1597.12 539.0412 1678.075 539.0412 1563.164 887.4937
9 -46922 1296.745 708.7502 1250.021 708.7502 1265.641 726.5028 1314.881 726.5028 1312.861 475.8442 1263.901 475.8442 1281.096 481.3162 1332.826 481.3162 1281.601 717.3937
9 -48908 1856.515 689.4374 1812.528 689.4374 1855.618 705.1211 1901.828 705.1211 1896.794 469.9232 1850.831 469.9232 1897.987 474.7291 1946.383 474.7291 1856.077 697.0859
9 -50058 557.132 719.8146 508.8404 719.8146 483.6805 738.8134 534.6652 738.8134 537.1719 479.2513 486.4877 479.2513 458.6961 485.1274 512.3552 485.1274 521.4025 729.0563
9 -50636 540.0699 580.6088 511.51 580.6088 497.0485 587.1053 526.5292 587.1053 528.0099 437.1676 498.6299 437.1676 483.3116 439.0944 513.6671 439.0944 518.9008 583.8055
9 -51756 1176.839 543.2105 1153.58 543.2105 1158.633 547.4935 1182.499 547.4935 1181.883 426.1447 1158.084 426.1447 1163.378 427.4012 1187.813 427.4012 1167.853 545.3244
9 -52894 1735.327 609.8888 1702.616 609.8888 1730.171 618.4509 1764.095 618.4509 1760.936 445.88 1727.145 445.88 1756.587 448.4415 1791.674 448.4415 1732.796 614.0919
10 -39284 1361.882 825.3967 1298.623 825.3967 1323.794 858.5695 1391.756 858.5695 1388.371 512.3242 1320.942 512.3242 1349.682 522.9293 1422.48 522.9293 1343.521 841.3887
10 -40710 675.0734 548.058 651.1277 548.058 642.8205 552.6013 667.41 552.6013 668.2442 427.5668 643.7247 427.5668 635.0089 428.9016 660.204 428.9016 659.1606 550.2994
10 -42110 835.3138 629.675 799.7986 629.675 793.324 639.8007 830.2745 639.8007 830.8295 451.809 794.037 451.809 787.0783 454.8563 825.4133 454.8563 814.7344 634.6376
10 -42700 611.2846 695.8622 566.3872 695.8622 546.0595 712.2192 593.2757 712.2192 595.278 471.8892 548.3197 471.8892 526.0303 476.9113 575.531 476.9113 579.4926 703.8348
10 -42980 986.7712 583.4796 957.8051 583.4796 957.7333 590.1656 987.6471 590.1656 987.5513 438.0186 957.7411 438.0186 957.665 440.0033 988.4799 440.0033 972.486 586.7688
10 -44100 1632.608 597.4369 1601.663 597.4369 1624.142 605.0847 1656.171 605.0847 1653.588 442.166 1621.678 442.166 1645.608 444.4456 1678.672 444.4456 1628.448 601.1949
10 -46082 1718.776 566.3836 1692.233 566.3836 1714.127 571.9824 1741.464 571.9824 1738.988 432.961 1711.738 432.961 1734.832 434.6146 1762.92 434.6146 1716.486 569.1418
10 -46362 1565.349 819.7657 1502.888 819.7657 1542.697 852.0763 1609.738 852.0763 1604.712 510.5343 1538.189 510.5343 1583.56 520.8453 1655.303 520.8453 1554.424 835.3496
10 -46922 1282.74 735.2241 1232.263 735.2241 1248.173 756.0328 1301.6 756.0328 1299.491 484.0148 1246.394 484.0148 1264.052 490.4814 1320.423 490.4814 1265.947 745.3331
10 -48908 1832.75 703.515 1786.767 703.515 1830.551 720.6934 1878.968 720.6934 1873.824 474.2358 1825.678 474.2358 1873.799 479.5224 1924.622 479.5224 1831.679 711.8826
10 -50058 583.5505 744.4318 531.7681 744.4318 506.0576 766.3638 560.9489 766.3638 563.4797 486.8713 508.9365 486.8713 480.3198 493.7065 538.3233 493.7065 545.9327 755.0782
10 -50636 588.8898 579.8853 560.4326 579.8853 547.5963 586.3345 576.9677 586.3345 578.2714 436.9532 548.9999 436.9532 535.4059 438.8656 565.6456 438.8656 568.5692 583.059
10 -51756 1138.708 543.7063 1115.379 543.7063 1119.448 548.0155 1143.388 548.0155 1142.879 426.2901 1119.005 426.2901 1123.269 427.5544 1147.782 427.5544 1129.203 545.833
10 -52894 1684.33 610.9615 1651.468 610.9615 1677.248 619.605 1711.336 619.605 1708.37 446.2007 1674.417 446.2007 1701.971 448.7873 1737.234 448.7873 1680.854 615.2042
