1 95350 618.3585 424.2064 620.9197 517.5141
1 64538 795.4135 493.8375 794.395 706.0062
1 98186 499.3341 421.9561 504.1035 519.1564
1 97878 828.5291 539.3185 825.3365 829.8188
1 72178 1872.618 500.5767 1841.463 653.749
1 88488 1213.565 527.8953 1193.314 773.9236
1 83036 1253.523 458.5532 1243.27 574.3117
1 73616 1621.478 660.8201 1550.03 1102.177
1 66512 748.2775 432.8056 748.6649 533.795
1 98524 710.8358 428.4213 711.8479 523.5023
1 78310 999.3687 438.3093 995.4164 532.5779
1 85594 1044.858 436.5867 1040.452 524.3522
1 71520 532.5414 415.4984 536.0784 497.7844
1 78316 502.1365 415.7512 506.2548 500.6566
1 83628 805.187 452.5538 804.3031 587.4895
1 85044 741.9584 446.5576 742.5975 574.3995
1 64352 1561.984 486.7202 1540.392 634.8584
1 86476 1664.07 501.2307 1636.303 669.5432
2 95350 648.1652 423.9181 650.1627 514.592
2 64538 752.2279 485.8954 752.8591 686.4536
2 98186 468.5333 422.5692 474.0292 523.0969
2 97878 901.8698 556.6217 894.0802 872.1491
2 72178 1865.397 496.6978 1835.832 643.1124
2 88488 1125.797 517.9896 1110.364 752.0759
2 83036 1277.208 462.1747 1265.953 583.2299
2 73616 1421.994 629.7379 1372.171 1033.957
2 66512 748.2775 432.8056 748.6649 533.795
2 98524 710.8358 428.4213 711.8479 523.5023
2 78310 999.3687 438.3093 995.4164 532.5779
2 85594 1044.858 436.5867 1040.452 524.3522
2 71520 532.5414 415.4984 536.0784 497.7844
2 78316 502.1365 415.7512 506.2548 500.6566
2 83628 805.187 452.5538 804.3031 587.4895
2 85044 741.9584 446.5576 742.5975 574.3995
2 64352 1561.984 486.7202 1540.392 634.8584
2 86476 1664.07 501.2307 1636.303 669.5432
3 95350 676.3059 423.646 677.7973 511.8307
3 64538 713.7962 478.8279 715.7359 668.9785
3 98186 442.8363 423.6374 449.0316 528.0157
3 97878 990.6509 577.5682 976.3619 922.8163
3 72178 1858.81 493.1603 1830.683 633.3882
3 88488 1046.793 509.0732 1035.356 732.3199
3 83036 1303.254 466.1573 1290.846 593.0167
3 73616 1257.761 604.1483 1223.539 976.9479
3 66512 748.2775 432.8056 748.6649 533.795
3 98524 710.8358 428.4213 711.8479 523.5023
3 78310 999.3687 438.3093 995.4164 532.5779
3 85594 1044.858 436.5867 1040.452 524.3522
3 71520 532.5414 415.4984 536.0784 497.7844
3 78316 502.1365 415.7512 506.2548 500.6566
3 83628 805.187 452.5538 804.3031 587.4895
3 85044 741.9584 446.5576 742.5975 574.3995
3 64352 1561.984 486.7202 1540.392 634.8584
3 86476 1664.07 501.2307 1636.303 669.5432
4 95350 702.9166 423.3887 703.9529 509.2173
4 64538 679.3749 472.4977 682.3577 653.2664
4 98186 422.5135 424.9836 429.3487 533.371
4 97878 1100.326 603.4443 1076.622 984.5541
4 88488 975.304 501.0049 967.2018 714.3693
4 83036 1332.035 470.5582 1318.288 603.806
4 73616 1120.194 582.7136 1097.478 928.5954
4 77294 1303.641 455.0515 1293.325 560.6538
4 66512 748.2775 432.8056 748.6649 533.795
4 98524 710.8358 428.4213 711.8479 523.5023
4 78310 999.3687 438.3093 995.4164 532.5779
4 85594 1044.858 436.5867 1040.452 524.3522
4 71520 532.5414 415.4984 536.0784 497.7844
4 78316 502.1365 415.7512 506.2548 500.6566
4 83628 805.187 452.5538 804.3031 587.4895
4 85044 741.9584 446.5576 742.5975 574.3995
4 64352 1561.984 486.7202 1540.392 634.8584
4 86476 1664.07 501.2307 1636.303 669.5432
5 95350 728.1182 423.145 728.7446 506.74
5 64538 648.3674 466.7954 652.1857 639.0633
5 98186 406.6757 426.7391 414.1208 539.6072
5 97878 1239.254 636.222 1201.472 1061.434
5 88488 910.3065 493.6693 905.0035 697.9872
5 83036 1364.004 475.4466 1348.692 615.7598
5 73616 1003.286 564.498 989.2078 887.0673
5 77294 1289.837 456.3696 1279.454 565.4534
5 66512 748.2775 432.8056 748.6649 533.795
5 98524 710.8358 428.4213 711.8479 523.5023
5 78310 999.3687 438.3093 995.4164 532.5779
5 85594 1044.858 436.5867 1040.452 524.3522
5 71520 532.5414 415.4984 536.0784 497.7844
5 78316 502.1365 415.7512 506.2548 500.6566
5 83628 805.187 452.5538 804.3031 587.4895
5 85044 741.9584 446.5576 742.5975 574.3995
5 64352 1561.984 486.7202 1540.392 634.8584
5 86476 1664.07 501.2307 1636.303 669.5432
6 95350 752.0201 422.9139 752.2766 504.3886
6 64538 620.2899 461.6318 624.7789 626.1617
6 98186 401.0108 428.8612 408.8752 546.2044
6 97878 1420.937 679.0869 1361.225 1159.805
6 88488 850.9542 486.9709 848.0125 682.9767
6 83036 1388.887 480.4357 1372.043 628.4483
6 73616 902.709 548.8268 895.2125 851.0139
6 77294 1275.065 457.7802 1264.63 570.5829
6 66512 748.2775 432.8056 748.6649 533.795
6 98524 710.8358 428.4213 711.8479 523.5023
6 78310 999.3687 438.3093 995.4164 532.5779
6 85594 1044.858 436.5867 1040.452 524.3522
6 71520 532.5414 415.4984 536.0784 497.7844
6 78316 502.1365 415.7512 506.2548 500.6566
6 83628 805.187 452.5538 804.3031 587.4895
6 85044 741.9584 446.5576 742.5975 574.3995
6 64352 1561.984 486.7202 1540.392 634.8584
6 86476 1664.07 501.2307 1636.303 669.5432
7 95350 774.7203 422.6943 774.6427 502.1537
7 64538 594.9 456.9301 599.9229 614.369
7 98186 395.5776 431.069 403.8751 553.0248
7 97878 1668.705 737.5436 1572.895 1290.147
7 88488 796.5433 480.83 795.6024 669.1725
7 83036 1416.101 486.239 1397.426 643.2766
7 73616 815.2636 535.2017 812.8419 819.4199
7 77294 1259.218 459.2934 1248.751 576.0774
7 66512 748.2775 432.8056 748.6649 533.795
7 98524 710.8358 428.4213 711.8479 523.5023
7 78310 999.3687 438.3093 995.4164 532.5779
7 85594 1044.858 436.5867 1040.452 524.3522
7 71520 532.5414 415.4984 536.0784 497.7844
7 78316 502.1365 415.7512 506.2548 500.6566
7 83628 805.187 452.5538 804.3031 587.4895
7 85044 741.9584 446.5576 742.5975 574.3995
7 64352 1561.984 486.7202 1540.392 634.8584
7 86476 1664.07 501.2307 1636.303 669.5432
8 95350 796.3074 422.4857 795.9274 500.0269
8 64538 571.8104 452.6328 577.2583 603.5541
8 84960 1939.721 699.5202 1831.73 1181.652
8 98186 405.8077 433.7148 414.1708 560.0356
8 97878 1990.508 810.098 1838.833 1445.365
8 88488 746.4804 475.1797 747.2408 656.4348
8 83036 1447.035 492.8353 1426.17 660.069
8 73616 738.5359 523.2466 740.066 791.5057
8 77294 1242.176 460.9208 1231.7 581.9773
8 66512 748.2775 432.8056 748.6649 533.795
8 98524 710.8358 428.4213 711.8479 523.5023
8 78310 999.3687 438.3093 995.4164 532.5779
8 85594 1044.858 436.5867 1040.452 524.3522
8 71520 532.5414 415.4984 536.0784 497.7844
8 78316 502.1365 415.7512 506.2548 500.6566
8 83628 805.187 452.5538 804.3031 587.4895
8 85044 741.9584 446.5576 742.5975 574.3995
8 64352 1561.984 486.7202 1540.392 634.8584
8 86476 1664.07 501.2307 1636.303 669.5432
9 95350 816.8611 422.2869 816.2073 498.0005
9 64538 550.6392 448.6925 556.4271 593.6141
9 84960 1686.986 653.9616 1612.664 1080.852
9 98186 417.4053 436.5602 425.8035 567.5216
9 88488 700.2641 469.9637 702.4763 644.6446
9 83036 1482.504 500.3991 1458.991 679.2428
9 73616 667.6448 513.762 672.4582 769.8748
9 77294 1238.478 463.5731 1227.624 589.9327
9 66512 748.2775 432.8056 748.6649 533.795
9 98524 710.8358 428.4213 711.8479 523.5023
9 78310 999.3687 438.3093 995.4164 532.5779
9 85594 1044.858 436.5867 1040.452 524.3522
9 71520 532.5414 415.4984 536.0784 497.7844
9 78316 502.1365 415.7512 506.2548 500.6566
9 83628 805.187 452.5538 804.3031 587.4895
9 85044 741.9584 446.5576 742.5975 574.3995
9 64352 1561.984 486.7202 1540.392 634.8584
9 86476 1664.07 501.2307 1636.303 669.5432
10 95350 836.4539 422.0975 835.5518 496.0676
10 64538 531.1567 445.0665 537.2153 584.4469
10 84960 1493.587 619.0995 1441.318 1002.01
10 98186 429.9242 439.6315 438.3372 575.5872
10 88488 657.4682 465.1338 660.9224 633.7
10 83036 1523.589 509.16 1496.823 701.3436
10 73616 600.6647 504.8554 608.2783 749.4912
10 77294 1235.79 466.7094 1224.467 599.2043
10 66512 748.2775 432.8056 748.6649 533.795
10 98524 710.8358 428.4213 711.8479 523.5023
10 78310 999.3687 438.3093 995.4164 532.5779
10 85594 1044.858 436.5867 1040.452 524.3522
10 71520 532.5414 415.4984 536.0784 497.7844
10 78316 502.1365 415.7512 506.2548 500.6566
10 83628 805.187 452.5538 804.3031 587.4895
10 85044 741.9584 446.5576 742.5975 574.3995
10 64352 1561.984 486.7202 1540.392 634.8584
10 86476 1664.07 501.2307 1636.303 669.5432
