1 95350 6.263187 9.374208 1.683998 6.263187 9.374208 0.01399809
1 98186 5.236958 7.783991 1.684 5.236958 7.783991 0.014
1 66512 9.111687 9.925463 1.684 9.111687 9.925463 0.014
1 98524 7.835373 10.15988 1.683998 7.835373 10.15988 0.01399809
1 78310 11.77625 13.26814 1.683998 11.77625 13.26814 0.0139981
1 71520 2.858879 9.603121 1.684 2.858879 9.603121 0.014
1 78316 2.950401 8.949564 1.684 2.950401 8.949564 0.014
1 83628 12.71645 7.812646 1.684002 12.71645 7.812646 0.01400178
1 85044 11.59448 7.769319 1.684 11.59448 7.769319 0.01399986
2 95350 6.264141 9.974213 1.683998 6.264141 9.974213 0.01399809
2 64538 15.16016 4.961437 1.684 15.16016 4.961437 0.014
2 98186 5.362354 7.2218 1.684 5.362354 7.2218 0.014
2 66512 9.111687 9.925463 1.684 9.111687 9.925463 0.014
2 98524 7.835373 10.15988 1.683998 7.835373 10.15988 0.01399809
2 78310 11.77625 13.26814 1.683998 11.77625 13.26814 0.0139981
2 71520 2.858879 9.603121 1.684 2.858879 9.603121 0.014
2 78316 2.950401 8.949564 1.684 2.950401 8.949564 0.014
2 83628 12.71645 7.812646 1.684002 12.71645 7.812646 0.01400178
2 85044 11.59448 7.769319 1.684 11.59448 7.769319 0.01399986
3 95350 6.265095 10.57422 1.683998 6.265095 10.57422 0.01399809
3 64538 14.56602 5.045027 1.684 14.56602 5.045027 0.014
3 98186 5.624847 6.710758 1.684 5.624847 6.710758 0.014
3 66512 9.111687 9.925463 1.684 9.111687 9.925463 0.014
3 98524 7.835373 10.15988 1.683998 7.835373 10.15988 0.01399809
3 78310 11.77625 13.26814 1.683998 11.77625 13.26814 0.0139981
3 71520 2.858879 9.603121 1.684 2.858879 9.603121 0.014
3 78316 2.950401 8.949564 1.684 2.950401 8.949564 0.014
3 83628 12.71645 7.812646 1.684002 12.71645 7.812646 0.01400178
3 85044 11.59448 7.769319 1.684 11.59448 7.769319 0.01399986
4 95350 6.266048 11.17422 1.683998 6.266048 11.17422 0.01399809
4 64538 13.97189 5.128616 1.684 13.97189 5.128616 0.014
4 98186 5.957748 6.276369 1.684 5.957748 6.276369 0.014
4 66512 9.111687 9.925463 1.684 9.111687 9.925463 0.014
4 98524 7.835373 10.15988 1.683998 7.835373 10.15988 0.01399809
4 78310 11.77625 13.26814 1.683998 11.77625 13.26814 0.0139981
4 71520 2.858879 9.603121 1.684 2.858879 9.603121 0.014
4 78316 2.950401 8.949564 1.684 2.950401 8.949564 0.014
4 83628 12.71645 7.812646 1.684002 12.71645 7.812646 0.01400178
4 85044 11.59448 7.769319 1.684 11.59448 7.769319 0.01399986
5 95350 6.267002 11.77423 1.683998 6.267002 11.77423 0.01399809
5 64538 13.37775 5.212206 1.684 13.37775 5.212206 0.014
5 98186 6.383179 5.88796 1.684 6.383179 5.88796 0.014
5 66512 9.111687 9.925463 1.684 9.111687 9.925463 0.014
5 98524 7.835373 10.15988 1.683998 7.835373 10.15988 0.01399809
5 78310 11.77625 13.26814 1.683998 11.77625 13.26814 0.0139981
5 71520 2.858879 9.603121 1.684 2.858879 9.603121 0.014
5 78316 2.950401 8.949564 1.684 2.950401 8.949564 0.014
5 83628 12.71645 7.812646 1.684002 12.71645 7.812646 0.01400178
5 85044 11.59448 7.769319 1.684 11.59448 7.769319 0.01399986
6 95350 6.267956 12.37423 1.683998 6.267956 12.37423 0.01399809
6 64538 12.78361 5.295795 1.684 12.78361 5.295795 0.014
6 98186 6.890697 5.615292 1.684 6.890697 5.615292 0.014
6 66512 9.111687 9.925463 1.684 9.111687 9.925463 0.014
6 98524 7.835373 10.15988 1.683998 7.835373 10.15988 0.01399809
6 78310 11.77625 13.26814 1.683998 11.77625 13.26814 0.0139981
6 71520 2.858879 9.603121 1.684 2.858879 9.603121 0.014
6 78316 2.950401 8.949564 1.684 2.950401 8.949564 0.014
6 83628 12.71645 7.812646 1.684002 12.71645 7.812646 0.01400178
6 85044 11.59448 7.769319 1.684 11.59448 7.769319 0.01399986
7 95350 6.268909 12.97423 1.683998 6.268909 12.97423 0.01399809
7 64538 12.18972 5.380956 1.684 12.18972 5.380956 0.014
7 98186 7.379402 5.358575 1.684 7.379402 5.358575 0.014
7 88488 15.06941 5.516836 1.683998 15.06941 5.516836 0.01399809
7 66512 9.111687 9.925463 1.684 9.111687 9.925463 0.014
7 98524 7.835373 10.15988 1.683998 7.835373 10.15988 0.01399809
7 78310 11.77625 13.26814 1.683998 11.77625 13.26814 0.0139981
7 71520 2.858879 9.603121 1.684 2.858879 9.603121 0.014
7 78316 2.950401 8.949564 1.684 2.950401 8.949564 0.014
7 83628 12.71645 7.812646 1.684002 12.71645 7.812646 0.01400178
7 85044 11.59448 7.769319 1.684 11.59448 7.769319 0.01399986
8 95350 6.269863 13.57424 1.683998 6.269863 13.57424 0.01399809
8 64538 11.59596 5.467216 1.684 11.59596 5.467216 0.014
8 98186 7.969959 5.252697 1.684 7.969959 5.252697 0.014
8 88488 14.47108 5.471489 1.683998 14.47108 5.471489 0.01399809
8 66512 9.111687 9.925463 1.684 9.111687 9.925463 0.014
8 98524 7.835373 10.15988 1.683998 7.835373 10.15988 0.01399809
8 78310 11.77625 13.26814 1.683998 11.77625 13.26814 0.0139981
8 71520 2.858879 9.603121 1.684 2.858879 9.603121 0.014
8 78316 2.950401 8.949564 1.684 2.950401 8.949564 0.014
8 83628 12.71645 7.812646 1.684002 12.71645 7.812646 0.01400178
8 85044 11.59448 7.769319 1.684 11.59448 7.769319 0.01399986
9 95350 6.270817 14.17424 1.683998 6.270817 14.17424 0.01399809
9 64538 11.0022 5.553475 1.684 11.0022 5.553475 0.014
9 98186 8.561619 5.153061 1.684 8.561619 5.153061 0.014
9 88488 13.87274 5.426142 1.683998 13.87274 5.426142 0.01399809
9 66512 9.111687 9.925463 1.684 9.111687 9.925463 0.014
9 98524 7.835373 10.15988 1.683998 7.835373 10.15988 0.01399809
9 78310 11.77625 13.26814 1.683998 11.77625 13.26814 0.0139981
9 71520 2.858879 9.603121 1.684 2.858879 9.603121 0.014
9 78316 2.950401 8.949564 1.684 2.950401 8.949564 0.014
9 83628 12.71645 7.812646 1.684002 12.71645 7.812646 0.01400178
9 85044 11.59448 7.769319 1.684 11.59448 7.769319 0.01399986
10 95350 6.27177 14.77425 1.683998 6.27177 14.77425 0.01399809
10 64538 10.40845 5.639735 1.684 10.40845 5.639735 0.014
10 98186 9.153275 5.053427 1.684 9.153275 5.053427 0.014
10 88488 13.27441 5.380795 1.683998 13.27441 5.380795 0.01399809
10 73616 15.46883 3.460171 1.684 15.46883 3.460171 0.014
10 66512 9.111687 9.925463 1.684 9.111687 9.925463 0.014
10 98524 7.835373 10.15988 1.683998 7.835373 10.15988 0.01399809
10 78310 11.77625 13.26814 1.683998 11.77625 13.26814 0.0139981
10 71520 2.858879 9.603121 1.684 2.858879 9.603121 0.014
10 78316 2.950401 8.949564 1.684 2.950401 8.949564 0.014
10 83628 12.71645 7.812646 1.684002 12.71645 7.812646 0.01400178
10 85044 11.59448 7.769319 1.684 11.59448 7.769319 0.01399986
11 64538 9.81469 5.725995 1.684 9.81469 5.725995 0.014
11 98186 9.744934 4.953791 1.684 9.744934 4.953791 0.014
11 88488 12.67607 5.335447 1.683998 12.67607 5.335447 0.01399809
11 73616 14.87545 3.371813 1.684 14.87545 3.371813 0.014
11 66512 9.111687 9.925463 1.684 9.111687 9.925463 0.014
11 98524 7.835373 10.15988 1.683998 7.835373 10.15988 0.01399809
11 78310 11.77625 13.26814 1.683998 11.77625 13.26814 0.0139981
11 71520 2.858879 9.603121 1.684 2.858879 9.603121 0.014
11 78316 2.950401 8.949564 1.684 2.950401 8.949564 0.014
11 83628 12.71645 7.812646 1.684002 12.71645 7.812646 0.01400178
11 85044 11.59448 7.769319 1.684 11.59448 7.769319 0.01399986
