1 64538 15.7543 4.877847 1.684 15.7543 4.877847 0.014
1 97878 17.3744 3.633363 1.683998 17.3744 3.633363 0.01399809
1 72178 22.75346 13.58295 1.683998 22.75346 13.58295 0.01399809
1 88488 18.65942 5.788919 1.683998 18.65942 5.788919 0.01399809
1 83036 16.39799 12.91686 1.684 16.39799 12.91686 0.014
1 73616 20.82194 3.922633 1.684 20.82194 3.922633 0.014
1 64352 20.11361 12.04594 1.684 20.11361 12.04594 0.01400018
1 86476 20.99166 11.14067 1.684 20.99166 11.14067 0.01400008
2 64538 15.16016 4.961437 1.684 15.16016 4.961437 0.014
2 97878 17.96835 3.548295 1.683998 17.96835 3.548295 0.01399809
2 72178 22.77901 14.18243 1.683998 22.77901 14.18243 0.01399809
2 88488 18.06109 5.743572 1.683998 18.06109 5.743572 0.01399809
2 83036 16.85766 12.53119 1.684 16.85766 12.53119 0.014
2 73616 20.22341 3.881077 1.684 20.22341 3.881077 0.014
2 64352 20.11361 12.04594 1.684 20.11361 12.04594 0.01400018
2 86476 20.99166 11.14067 1.684 20.99166 11.14067 0.01400008
3 64538 14.56602 5.045027 1.684 14.56602 5.045027 0.014
3 84960 24.53204 3.93574 1.683998 24.53204 3.93574 0.01399809
3 97878 18.5623 3.463227 1.683998 18.5623 3.463227 0.01399809
3 88488 17.46275 5.698225 1.683998 17.46275 5.698225 0.01399809
3 83036 17.31733 12.14553 1.684 17.31733 12.14553 0.014
3 73616 19.62489 3.83952 1.684 19.62489 3.83952 0.014
3 64352 20.11361 12.04594 1.684 20.11361 12.04594 0.01400018
3 86476 20.99166 11.14067 1.684 20.99166 11.14067 0.01400008
4 64538 13.97189 5.128616 1.684 13.97189 5.128616 0.014
4 84960 23.93218 3.923367 1.683998 23.93218 3.923367 0.01399809
4 97878 19.15625 3.37816 1.683998 19.15625 3.37816 0.01399809
4 88488 16.86442 5.652878 1.683998 16.86442 5.652878 0.01399809
4 83036 17.777 11.75986 1.684 17.777 11.75986 0.014
4 73616 19.02636 3.797964 1.684 19.02636 3.797964 0.014
4 64352 20.11361 12.04594 1.684 20.11361 12.04594 0.01400018
4 86476 20.99166 11.14067 1.684 20.99166 11.14067 0.01400008
5 64538 13.37775 5.212206 1.684 13.37775 5.212206 0.014
5 84960 23.33232 3.910993 1.683998 23.33232 3.910993 0.01399809
5 97878 19.7502 3.293092 1.683998 19.7502 3.293092 0.01399809
5 88488 16.26608 5.607531 1.683998 16.26608 5.607531 0.01399809
5 83036 18.23667 11.3742 1.684 18.23667 11.3742 0.014
5 73616 18.42783 3.756408 1.684 18.42783 3.756408 0.014
5 64352 20.11361 12.04594 1.684 20.11361 12.04594 0.01400018
5 86476 20.99166 11.14067 1.684 20.99166 11.14067 0.01400008
6 84960 22.78442 3.967281 1.683998 22.78442 3.967281 0.01399809
6 97878 20.34415 3.208024 1.683998 20.34415 3.208024 0.01399809
6 88488 15.66775 5.562183 1.683998 15.66775 5.562183 0.01399809
6 83036 18.59903 10.92986 1.684 18.59903 10.92986 0.014
6 73616 17.82931 3.714851 1.684 17.82931 3.714851 0.014
6 77294 16.5264 13.44831 1.683998 16.5264 13.44831 0.01399809
6 64352 20.11361 12.04594 1.684 20.11361 12.04594 0.01400018
6 86476 20.99166 11.14067 1.684 20.99166 11.14067 0.01400008
7 84960 22.18971 4.04615 1.683998 22.18971 4.04615 0.01399809
7 97878 20.9381 3.122956 1.683998 20.9381 3.122956 0.01399809
7 88488 15.06941 5.516836 1.683998 15.06941 5.516836 0.01399809
7 83036 18.96124 10.45155 1.684 18.96124 10.45155 0.014
7 73616 17.23078 3.673295 1.684 17.23078 3.673295 0.014
7 77294 16.50275 12.84878 1.683998 16.50275 12.84878 0.01399809
7 64352 20.11361 12.04594 1.684 20.11361 12.04594 0.01400018
7 86476 20.99166 11.14067 1.684 20.99166 11.14067 0.01400008
8 84960 21.595 4.125019 1.683998 21.595 4.125019 0.01399809
8 97878 21.48715 3.07028 1.683998 21.48715 3.07028 0.01399809
8 88488 14.47108 5.471489 1.683998 14.47108 5.471489 0.01399809
8 83036 19.32344 9.973232 1.684 19.32344 9.973232 0.014
8 73616 16.63226 3.631739 1.684 16.63226 3.631739 0.014
8 77294 16.4791 12.24925 1.683998 16.4791 12.24925 0.01399809
8 64352 20.11361 12.04594 1.684 20.11361 12.04594 0.01400018
8 86476 20.99166 11.14067 1.684 20.99166 11.14067 0.01400008
9 84960 21.00029 4.203888 1.683998 21.00029 4.203888 0.01399809
9 97878 22.0872 3.075764 1.683998 22.0872 3.075764 0.01399809
9 88488 13.87274 5.426142 1.683998 13.87274 5.426142 0.01399809
9 83036 19.68565 9.494917 1.684 19.68565 9.494917 0.014
9 73616 16.0622 3.548529 1.684 16.0622 3.548529 0.014
9 77294 16.63304 11.69628 1.683998 16.63304 11.69628 0.01399809
9 64352 20.11361 12.04594 1.684 20.11361 12.04594 0.01400018
9 86476 20.99166 11.14067 1.684 20.99166 11.14067 0.01400008
10 84960 20.40558 4.282757 1.683998 20.40558 4.282757 0.01399809
10 97878 22.68726 3.081247 1.683998 22.68726 3.081247 0.01399809
10 83036 20.04785 9.016602 1.684 20.04785 9.016602 0.014
10 73616 15.46883 3.460171 1.684 15.46883 3.460171 0.014
10 77294 16.81157 11.12345 1.683998 16.81157 11.12345 0.01399809
10 64352 20.11361 12.04594 1.684 20.11361 12.04594 0.01400018
10 86476 20.99166 11.14067 1.684 20.99166 11.14067 0.01400008
11 84960 19.81087 4.361626 1.683998 19.81087 4.361626 0.01399809
11 97878 23.28731 3.086731 1.683998 23.28731 3.086731 0.01399809
11 83036 20.41006 8.538286 1.684 20.41006 8.538286 0.014
11 73616 14.87545 3.371813 1.684 14.87545 3.371813 0.014
11 77294 16.9901 10.55063 1.683998 16.9901 10.55063 0.01399809
11 64352 20.11361 12.04594 1.684 20.11361 12.04594 0.01400018
11 86476 20.99166 11.14067 1.684 20.99166 11.14067 0.01400008
