1 95350 1128.349 484.4221 1120.757 702.2261
1 98186 1144.372 459.8556 1137.784 633.312
1 66512 731.3709 514.8617 744.2767 785.7822
1 98524 955.3972 510.3074 955.6492 773.4067
1 71520 1513.661 471.7401 1491.356 666.8189
1 78316 1440.378 464.3062 1422.391 645.897
1 83628 157.7154 493.83 196.7338 728.2651
1 85044 352.6611 486.5157 380.5294 708.038
2 95350 1171.827 495.1086 1161.423 731.7882
2 64538 -10.48748 464.0497 25.75407 645.1731
2 98186 1104.369 454.9178 1099.485 619.2971
2 66512 731.3709 514.8617 744.2767 785.7822
2 98524 955.3972 510.3074 955.6492 773.4067
2 71520 1513.661 471.7401 1491.356 666.8189
2 78316 1440.378 464.3062 1422.391 645.897
2 83628 157.7154 493.83 196.7338 728.2651
2 85044 352.6611 486.5157 380.5294 708.038
3 95350 1224.292 508.0042 1210.042 767.1318
3 64538 67.63383 462.8641 100.552 641.824
3 98186 1058.429 451.2725 1055.238 608.9151
3 66512 731.3709 514.8617 744.2767 785.7822
3 98524 955.3972 510.3074 955.6492 773.4067
3 71520 1513.661 471.7401 1491.356 666.8189
3 78316 1440.378 464.3062 1422.391 645.897
3 83628 157.7154 493.83 196.7338 728.2651
3 85044 352.6611 486.5157 380.5294 708.038
4 95350 1288.852 523.8727 1269.2 810.1366
4 64538 143.8034 461.7079 173.5493 638.5555
4 98186 1012.751 448.6851 1011.094 601.5273
4 66512 731.3709 514.8617 744.2767 785.7822
4 98524 955.3972 510.3074 955.6492 773.4067
4 71520 1513.661 471.7401 1491.356 666.8189
4 78316 1440.378 464.3062 1422.391 645.897
4 83628 157.7154 493.83 196.7338 728.2651
4 85044 352.6611 486.5157 380.5294 708.038
5 95350 1370.236 543.8762 1342.741 863.5961
5 64538 218.0927 460.5804 244.8094 635.3648
5 98186 963.1774 446.8099 963.0798 596.1638
5 66512 731.3709 514.8617 744.2767 785.7822
5 98524 955.3972 510.3074 955.6492 773.4067
5 71520 1513.661 471.7401 1491.356 666.8189
5 78316 1440.378 464.3062 1422.391 645.897
5 83628 157.7154 493.83 196.7338 728.2651
5 85044 352.6611 486.5157 380.5294 708.038
6 95350 1476.002 569.8729 1436.633 931.8505
6 64538 290.5707 459.4804 314.3941 632.2491
6 98186 911.4692 446.0292 912.9435 593.9281
6 66512 731.3709 514.8617 744.2767 785.7822
6 98524 955.3972 510.3074 955.6492 773.4067
6 71520 1513.661 471.7401 1491.356 666.8189
6 78316 1440.378 464.3062 1422.391 645.897
6 83628 157.7154 493.83 196.7338 728.2651
6 85044 352.6611 486.5157 380.5294 708.038
7 95350 1619.04 605.0308 1560.683 1022.028
7 64538 361.2203 458.4229 382.2856 629.2512
7 98186 862.7757 445.3333 865.7031 591.9344
7 66512 731.3709 514.8617 744.2767 785.7822
7 98524 955.3972 510.3074 955.6492 773.4067
7 71520 1513.661 471.7401 1491.356 666.8189
7 78316 1440.378 464.3062 1422.391 645.897
7 83628 157.7154 493.83 196.7338 728.2651
7 85044 352.6611 486.5157 380.5294 708.038
8 95350 1823.269 655.2285 1732.201 1146.712
8 64538 430.1705 457.401 448.6013 626.3521
8 98186 807.869 445.9423 812.4857 593.6794
8 88488 50.74614 467.3033 85.83435 654.3466
8 66512 731.3709 514.8617 744.2767 785.7822
8 98524 955.3972 510.3074 955.6492 773.4067
8 71520 1513.661 471.7401 1491.356 666.8189
8 78316 1440.378 464.3062 1422.391 645.897
8 83628 157.7154 493.83 196.7338 728.2651
8 85044 352.6611 486.5157 380.5294 708.038
9 64538 497.5389 456.4025 513.4479 623.517
9 98186 752.0127 446.6094 758.3784 595.5895
9 88488 139.4104 464.5651 170.2163 646.6273
9 66512 731.3709 514.8617 744.2767 785.7822
9 98524 955.3972 510.3074 955.6492 773.4067
9 71520 1513.661 471.7401 1491.356 666.8189
9 78316 1440.378 464.3062 1422.391 645.897
9 83628 157.7154 493.83 196.7338 728.2651
9 85044 352.6611 486.5157 380.5294 708.038
10 64538 563.3799 455.4268 576.8746 620.744
10 98186 695.163 447.2883 703.3387 597.5327
10 88488 223.2046 461.9772 250.1327 639.3165
10 73616 52.98517 450.8328 82.23329 607.6605
10 66512 731.3709 514.8617 744.2767 785.7822
10 98524 955.3972 510.3074 955.6492 773.4067
10 71520 1513.661 471.7401 1491.356 666.8189
10 78316 1440.378 464.3062 1422.391 645.897
10 83628 157.7154 493.83 196.7338 728.2651
10 85044 352.6611 486.5157 380.5294 708.038
