1 95350 347.1291 176.5015 417.4452 366.2248
1 64538 1694.548 204.1521 1602.561 407.7725
1 98186 127.1199 245.0178 243.9708 467.4036
1 72178 1481.769 38.85205 1451.254 143.6125
1 88488 1819.179 149.3747 1729.665 324.4836
1 83036 1181.599 61.7395 1166.458 182.5674
1 66512 693.727 138.2123 720.2936 307.0175
1 98524 551.4263 143.3112 593.0165 315.0171
1 78310 866.7004 75.12885 873.6038 204.9811
1 85594 837.845 60.78113 846.1416 180.9528
1 83628 1135.433 154.395 1116.81 332.2837
1 85044 1022.524 165.6933 1015.612 349.7121
1 64352 1428.267 57.18628 1397.181 174.8831
1 86476 1523.15 62.09601 1484.586 183.1677
2 95350 358.9018 160.9572 424.2527 342.4269
2 64538 1626.414 208.9598 1541.759 414.8963
2 98186 118.9623 269.0966 244.222 501.5873
2 72178 1455.709 35.11609 1427.524 137.176
2 88488 1780.416 155.5444 1692.954 334.0643
2 83036 1224.015 63.63031 1205.763 185.7491
2 66512 693.727 138.2123 720.2936 307.0175
2 98524 551.4263 143.3112 593.0165 315.0171
2 78310 866.7004 75.12885 873.6038 204.9811
2 85594 837.845 60.78113 846.1416 180.9528
2 83628 1135.433 154.395 1116.81 332.2837
2 85044 1022.524 165.6933 1015.612 349.7121
2 64352 1428.267 57.18628 1397.181 174.8831
2 86476 1523.15 62.09601 1484.586 183.1677
3 95350 369.3669 147.1393 430.3822 320.9995
3 64538 1555.998 213.9285 1479.185 422.2278
3 98186 141.8662 291.0228 270.0269 532.1226
3 72178 1431.142 31.59424 1405.079 131.0873
3 88488 1739.583 162.0433 1654.497 344.1007
3 83036 1267.518 65.5694 1246.006 189.0067
3 66512 693.727 138.2123 720.2936 307.0175
3 98524 551.4263 143.3112 593.0165 315.0171
3 78310 866.7004 75.12885 873.6038 204.9811
3 85594 837.845 60.78113 846.1416 180.9528
3 83628 1135.433 154.395 1116.81 332.2837
3 85044 1022.524 165.6933 1015.612 349.7121
3 64352 1428.267 57.18628 1397.181 174.8831
3 86476 1523.15 62.09601 1484.586 183.1677
4 95350 378.7301 134.7753 435.9299 301.6049
4 64538 1483.185 219.0667 1414.758 429.7765
4 98186 187.6693 309.3022 313.5408 557.1593
4 88488 1696.509 168.8992 1614.166 354.626
4 83036 1312.148 67.55878 1287.217 192.3427
4 77294 1132.451 47.42566 1121.725 158.3011
4 66512 693.727 138.2123 720.2936 307.0175
4 98524 551.4263 143.3112 593.0165 315.0171
4 78310 866.7004 75.12885 873.6038 204.9811
4 85594 837.845 60.78113 846.1416 180.9528
4 83628 1135.433 154.395 1116.81 332.2837
4 85044 1022.524 165.6933 1015.612 349.7121
4 64352 1428.267 57.18628 1397.181 174.8831
4 86476 1523.15 62.09601 1484.586 183.1677
5 95350 387.158 123.6477 440.9753 283.9669
5 64538 1407.85 224.3826 1348.396 437.5518
5 98186 260.9571 323.9588 378.3826 576.9646
5 88488 1651.005 176.1415 1571.82 365.6774
5 83036 1357.952 69.60065 1329.435 195.76
5 77294 1150.479 51.95557 1138.261 166.0152
5 66512 693.727 138.2123 720.2936 307.0175
5 98524 551.4263 143.3112 593.0165 315.0171
5 78310 866.7004 75.12885 873.6038 204.9811
5 85594 837.845 60.78113 846.1416 180.9528
5 83628 1135.433 154.395 1116.81 332.2837
5 85044 1022.524 165.6933 1015.612 349.7121
5 64352 1428.267 57.18628 1397.181 174.8831
5 86476 1523.15 62.09601 1484.586 183.1677
6 95350 394.7836 113.5792 445.5838 267.8575
6 64538 1329.859 229.8858 1280.009 445.5641
6 98186 361.7256 329.431 463.3327 584.2986
6 88488 1602.859 183.8045 1527.304 377.2947
6 83036 1402.448 72.65887 1370.171 200.867
6 77294 1169.756 56.79938 1155.866 174.2284
6 66512 693.727 138.2123 720.2936 307.0175
6 98524 551.4263 143.3112 593.0165 315.0171
6 78310 866.7004 75.12885 873.6038 204.9811
6 85594 837.845 60.78113 846.1416 180.9528
6 83628 1135.433 154.395 1116.81 332.2837
6 85044 1022.524 165.6933 1015.612 349.7121
6 64352 1428.267 57.18628 1397.181 174.8831
6 86476 1523.15 62.09601 1484.586 183.1677
7 95350 401.7155 104.426 449.809 253.0859
7 64538 1248.96 235.5181 1209.418 453.7256
7 98186 461.4034 334.4289 546.922 590.968
7 88488 1551.834 191.9258 1480.448 389.5231
7 83036 1450.68 76.1983 1414.154 206.7593
7 77294 1190.417 61.99091 1174.649 182.9908
7 66512 693.727 138.2123 720.2936 307.0175
7 98524 551.4263 143.3112 593.0165 315.0171
7 78310 866.7004 75.12885 873.6038 204.9811
7 85594 837.845 60.78113 846.1416 180.9528
7 83628 1135.433 154.395 1116.81 332.2837
7 85044 1022.524 165.6933 1015.612 349.7121
7 64352 1428.267 57.18628 1397.181 174.8831
7 86476 1523.15 62.09601 1484.586 183.1677
8 95350 408.0452 96.06836 453.6976 239.4924
8 64538 1165.07 241.3047 1136.576 462.0702
8 98186 583.7636 326.3536 647.2695 580.1784
8 88488 1497.665 200.5472 1431.061 402.4116
8 83036 1501.088 79.89697 1459.97 212.8973
8 73616 1970.943 238.4473 1831.523 457.955
8 77294 1212.616 67.56897 1194.731 192.3593
8 66512 693.727 138.2123 720.2936 307.0175
8 98524 551.4263 143.3112 593.0165 315.0171
8 78310 866.7004 75.12885 873.6038 204.9811
8 85594 837.845 60.78113 846.1416 180.9528
8 83628 1135.433 154.395 1116.81 332.2837
8 85044 1022.524 165.6933 1015.612 349.7121
8 64352 1428.267 57.18628 1397.181 174.8831
8 86476 1523.15 62.09601 1484.586 183.1677
9 95350 413.8474 88.4071 457.288 226.9412
9 64538 1078.123 247.3019 1061.453 470.676
9 98186 701.5883 318.1494 744.4857 569.143
9 88488 1440.051 209.7171 1378.934 416.0154
9 83036 1553.82 83.76654 1507.735 219.2963
9 73616 1932.318 251.4622 1793.64 476.6202
9 77294 1245.627 72.42096 1224.819 200.4697
9 66512 693.727 138.2123 720.2936 307.0175
9 98524 551.4263 143.3112 593.0165 315.0171
9 78310 866.7004 75.12885 873.6038 204.9811
9 85594 837.845 60.78113 846.1416 180.9528
9 83628 1135.433 154.395 1116.81 332.2837
9 85044 1022.524 165.6933 1015.612 349.7121
9 64352 1428.267 57.18628 1397.181 174.8831
9 86476 1523.15 62.09601 1484.586 183.1677
10 95350 419.1858 81.35876 460.6131 215.3169
10 64538 987.9487 253.5219 983.9418 479.5555
10 98186 814.8337 310.2639 838.5403 558.4661
10 88488 1378.653 219.4894 1323.832 430.3959
10 83036 1609.044 87.81873 1557.578 225.9737
10 73616 1889.025 266.2463 1751.602 497.5765
10 77294 1283.281 77.69916 1259.013 209.2526
10 66512 693.727 138.2123 720.2936 307.0175
10 98524 551.4263 143.3112 593.0165 315.0171
10 78310 866.7004 75.12885 873.6038 204.9811
10 85594 837.845 60.78113 846.1416 180.9528
10 83628 1135.433 154.395 1116.81 332.2837
10 85044 1022.524 165.6933 1015.612 349.7121
10 64352 1428.267 57.18628 1397.181 174.8831
10 86476 1523.15 62.09601 1484.586 183.1677
11 64538 894.3652 259.9772 903.9271 488.7218
11 98186 923.7646 302.6786 929.5875 548.1309
11 88488 1313.086 229.9251 1265.492 445.6209
11 83036 1666.938 92.06677 1609.636 232.9477
11 73616 1841.787 282.3773 1706.323 520.149
11 77294 1323.5 83.33698 1295.354 218.5871
11 66512 693.727 138.2123 720.2936 307.0175
11 98524 551.4263 143.3112 593.0165 315.0171
11 78310 866.7004 75.12885 873.6038 204.9811
11 85594 837.845 60.78113 846.1416 180.9528
11 83628 1135.433 154.395 1116.81 332.2837
11 85044 1022.524 165.6933 1015.612 349.7121
11 64352 1428.267 57.18628 1397.181 174.8831
11 86476 1523.15 62.09601 1484.586 183.1677
