1 -38164 15.5022 12.0626201629639 0 15.1422 12.0626201629639 0 15.1422 12.4226207733154 0 15.5022 12.4226207733154 0 15.5022 12.0626201629639 1.8 15.1422 12.0626201629639 1.8 15.1422 12.4226207733154 1.8 15.5022 12.4226207733154 1.8 15.3222 12.2426204681396 0
1 -38444 9.41275 12.0016765594482 0 9.05275 12.0016765594482 0 9.05275 12.3616771697998 0 9.41275 12.3616771697998 0 9.41275 12.0016765594482 1.8 9.05275 12.0016765594482 1.8 9.05275 12.3616771697998 1.8 9.41275 12.3616771697998 1.8 9.23275 12.181676864624 0
1 -39284 14.35753 10.8987560272217 0 13.99753 10.8987560272217 0 13.99753 11.2587566375732 0 14.35753 11.2587566375732 0 14.35753 10.8987560272217 1.8 13.99753 10.8987560272217 1.8 13.99753 11.2587566375732 1.8 14.35753 11.2587566375732 1.8 14.17753 11.0787563323975 0
1 -40404 19.45017 12.8276653289795 0 19.09017 12.8276653289795 0 19.09017 13.1876659393311 0 19.45017 13.1876659393311 0 19.45017 12.8276653289795 1.8 19.09017 12.8276653289795 1.8 19.09017 13.1876659393311 1.8 19.45017 13.1876659393311 1.8 19.27017 13.0076656341553 0
1 -40710 5.885056 5.99992418289185 0 5.525055 5.99992418289185 0 5.525055 6.35992383956909 0 5.885056 6.35992383956909 0 5.885056 5.99992418289185 1.8 5.525055 5.99992418289185 1.8 5.525055 6.35992383956909 1.8 5.885056 6.35992383956909 1.8 5.705055 6.17992401123047 0
1 -41550 15.39598 12.9351902008057 0 15.03598 12.9351902008057 0 15.03598 13.2951908111572 0 15.39598 13.2951908111572 0 15.39598 12.9351902008057 1.8 15.03598 12.9351902008057 1.8 15.03598 13.2951908111572 1.8 15.39598 13.2951908111572 1.8 15.21598 13.1151905059814 0
1 -42420 2.15934 15.635705947876 0 1.799339 15.635705947876 0 1.799339 15.9957065582275 0 2.15934 15.9957065582275 0 2.15934 15.635705947876 1.8 1.799339 15.635705947876 1.8 1.799339 15.9957065582275 1.8 2.15934 15.9957065582275 1.8 1.97934 15.8157062530518 0
1 -42700 7.216698 4.68245363235474 0 6.856697 4.68245363235474 0 6.856697 5.04245328903198 0 7.216698 5.04245328903198 0 7.216698 4.68245363235474 1.8 6.856697 4.68245363235474 1.8 6.856697 5.04245328903198 1.8 7.216698 5.04245328903198 1.8 7.036697 4.86245346069336 0
1 -42980 12.34171 4.35433602333069 0 11.98171 4.35433602333069 0 11.98171 4.71433591842651 0 12.34171 4.71433591842651 0 12.34171 4.35433602333069 1.8 11.98171 4.35433602333069 1.8 11.98171 4.71433591842651 1.8 12.34171 4.71433591842651 1.8 12.16171 4.53433609008789 0
1 -43260 22.92023 15.2378005981445 0 22.56023 15.2378005981445 0 22.56023 15.5978012084961 0 22.92023 15.5978012084961 0 22.92023 15.2378005981445 1.8 22.56023 15.2378005981445 1.8 22.56023 15.5978012084961 1.8 22.92023 15.5978012084961 1.8 22.74023 15.4178009033203 0
1 -44100 9.108055 5.87417840957642 0 8.748055 5.87417840957642 0 8.748055 6.23417806625366 0 9.108055 6.23417806625366 0 9.108055 5.87417840957642 1.8 8.748055 5.87417840957642 1.8 8.748055 6.23417806625366 1.8 9.108055 6.23417806625366 1.8 8.928055 6.05417823791504 0
1 -44380 14.12673 5.6541600227356 0 13.76673 5.6541600227356 0 13.76673 6.01415967941284 0 14.12673 6.01415967941284 0 14.12673 5.6541600227356 1.8 13.76673 5.6541600227356 1.8 13.76673 6.01415967941284 1.8 14.12673 6.01415967941284 1.8 13.94673 5.83415985107422 0
1 -44660 20.71591 12.4222240447998 0 20.35591 12.4222240447998 0 20.35591 12.7822246551514 0 20.71591 12.7822246551514 0 20.71591 12.4222240447998 1.8 20.35591 12.4222240447998 1.8 20.35591 12.7822246551514 1.8 20.71591 12.7822246551514 1.8 20.53591 12.6022243499756 0
1 -46082 12.55492 6.67767190933228 0 12.19492 6.67767190933228 0 12.19492 7.03767156600952 0 12.55492 7.03767156600952 0 12.55492 6.67767190933228 1.8 12.19492 6.67767190933228 1.8 12.19492 7.03767156600952 1.8 12.55492 7.03767156600952 1.8 12.37492 6.8576717376709 0
1 -46362 7.316475 15.3213977813721 0 6.956474 15.3213977813721 0 6.956474 15.6813983917236 0 7.316475 15.6813983917236 0 7.316475 15.3213977813721 1.8 6.956474 15.3213977813721 1.8 6.956474 15.6813983917236 1.8 7.316475 15.6813983917236 1.8 7.136475 15.5013980865479 0
1 -46922 11.76268 5.02213907241821 0 11.40268 5.02213907241821 0 11.40268 5.38213872909546 0 11.76268 5.38213872909546 0 11.76268 5.02213907241821 1.8 11.40268 5.02213907241821 1.8 11.40268 5.38213872909546 1.8 11.76268 5.38213872909546 1.8 11.58268 5.20213890075684 0
1 -48628 10.29638 12.1506462097168 0 9.936378 12.1506462097168 0 9.936378 12.5106468200684 0 10.29638 12.5106468200684 0 10.29638 12.1506462097168 1.8 9.936378 12.1506462097168 1.8 9.936378 12.5106468200684 1.8 10.29638 12.5106468200684 1.8 10.11638 12.3306465148926 0
1 -48908 17.18443 5.31059217453003 0 16.82443 5.31059217453003 0 16.82443 5.67059183120728 0 17.18443 5.67059183120728 0 17.18443 5.31059217453003 1.8 16.82443 5.31059217453003 1.8 16.82443 5.67059183120728 1.8 17.18443 5.67059183120728 1.8 17.00443 5.49059200286865 0
1 -52334 14.284 6.5483193397522 0 13.924 6.5483193397522 0 13.924 6.90831899642944 0 14.284 6.90831899642944 0 14.284 6.5483193397522 1.8 13.924 6.5483193397522 1.8 13.924 6.90831899642944 1.8 14.284 6.90831899642944 1.8 14.104 6.72831916809082 0
1 -53174 8.086647 14.0381546020508 0 7.726646 14.0381546020508 0 7.726646 14.3981552124023 0 8.086647 14.3981552124023 0 8.086647 14.0381546020508 1.8 7.726646 14.0381546020508 1.8 7.726646 14.3981552124023 1.8 8.086647 14.3981552124023 1.8 7.906647 14.2181549072266 0
2 -38164 16.07825 12.0601482391357 0 15.71825 12.0601482391357 0 15.71825 12.4201488494873 0 16.07825 12.4201488494873 0 16.07825 12.0601482391357 1.8 15.71825 12.0601482391357 1.8 15.71825 12.4201488494873 1.8 16.07825 12.4201488494873 1.8 15.89825 12.2401485443115 0
2 -38444 10.0128 11.9991016387939 0 9.652802 11.9991016387939 0 9.652802 12.3591022491455 0 10.0128 12.3591022491455 0 10.0128 11.9991016387939 1.8 9.652802 11.9991016387939 1.8 9.652802 12.3591022491455 1.8 10.0128 12.3591022491455 1.8 9.832802 12.1791019439697 0
2 -39284 13.75748 10.9015216827393 0 13.39748 10.9015216827393 0 13.39748 11.2615222930908 0 13.75748 11.2615222930908 0 13.75748 10.9015216827393 1.8 13.39748 10.9015216827393 1.8 13.39748 11.2615222930908 1.8 13.75748 11.2615222930908 1.8 13.57748 11.081521987915 0
2 -40404 18.98688 12.4463863372803 0 18.62688 12.4463863372803 0 18.62688 12.8063869476318 0 18.98688 12.8063869476318 0 18.98688 12.4463863372803 1.8 18.62688 12.4463863372803 1.8 18.62688 12.8063869476318 1.8 18.98688 12.8063869476318 1.8 18.80688 12.6263866424561 0
2 -40710 5.54612 5.50477647781372 0 5.186119 5.50477647781372 0 5.186119 5.86477613449097 0 5.54612 5.86477613449097 0 5.54612 5.50477647781372 1.8 5.186119 5.50477647781372 1.8 5.186119 5.86477613449097 1.8 5.54612 5.86477613449097 1.8 5.366119 5.68477630615234 0
2 -41550 15.91168 13.1912117004395 0 15.55168 13.1912117004395 0 15.55168 13.551212310791 0 15.91168 13.551212310791 0 15.91168 13.1912117004395 1.8 15.55168 13.1912117004395 1.8 15.55168 13.551212310791 1.8 15.91168 13.551212310791 1.8 15.73168 13.3712120056152 0
2 -42420 2.120811 16.234468460083 0 1.760811 16.234468460083 0 1.760811 16.5944690704346 0 2.120811 16.5944690704346 0 2.120811 16.234468460083 1.8 1.760811 16.234468460083 1.8 1.760811 16.5944690704346 1.8 2.120811 16.5944690704346 1.8 1.940811 16.4144687652588 0
2 -42700 6.77153 4.96884965896606 0 6.41153 4.96884965896606 0 6.41153 5.32884931564331 0 6.77153 5.32884931564331 0 6.77153 4.96884965896606 1.8 6.41153 4.96884965896606 1.8 6.41153 5.32884931564331 1.8 6.77153 5.32884931564331 1.8 6.59153 5.14884948730469 0
2 -42980 11.743 4.39389252662659 0 11.383 4.39389252662659 0 11.383 4.75389242172241 0 11.743 4.75389242172241 0 11.743 4.39389252662659 1.8 11.383 4.39389252662659 1.8 11.383 4.75389242172241 1.8 11.743 4.75389242172241 1.8 11.563 4.57389259338379 0
2 -43260 22.7871 14.6527690887451 0 22.4271 14.6527690887451 0 22.4271 15.0127696990967 0 22.7871 15.0127696990967 0 22.7871 14.6527690887451 1.8 22.4271 14.6527690887451 1.8 22.4271 15.0127696990967 1.8 22.7871 15.0127696990967 1.8 22.6071 14.8327693939209 0
2 -44100 9.706581 5.83154916763306 0 9.346581 5.83154916763306 0 9.346581 6.1915488243103 0 9.706581 6.1915488243103 0 9.706581 5.83154916763306 1.8 9.346581 5.83154916763306 1.8 9.346581 6.1915488243103 1.8 9.706581 6.1915488243103 1.8 9.526581 6.01154899597168 0
2 -44380 14.72526 5.61153078079224 0 14.36526 5.61153078079224 0 14.36526 5.97153043746948 0 14.72526 5.97153043746948 0 14.72526 5.61153078079224 1.8 14.36526 5.61153078079224 1.8 14.36526 5.97153043746948 1.8 14.72526 5.97153043746948 1.8 14.54526 5.79153060913086 0
2 -44660 20.84771 13.00758934021 0 20.48771 13.00758934021 0 20.48771 13.3675899505615 0 20.84771 13.3675899505615 0 20.84771 13.00758934021 1.8 20.48771 13.00758934021 1.8 20.48771 13.3675899505615 1.8 20.84771 13.3675899505615 1.8 20.66771 13.1875896453857 0
2 -46082 12.90587 6.19102907180786 0 12.54587 6.19102907180786 0 12.54587 6.55102872848511 0 12.90587 6.55102872848511 0 12.90587 6.19102907180786 1.8 12.54587 6.19102907180786 1.8 12.54587 6.55102872848511 1.8 12.90587 6.55102872848511 1.8 12.72587 6.37102890014648 0
2 -46362 7.659798 14.8293972015381 0 7.299797 14.8293972015381 0 7.299797 15.1893978118896 0 7.659798 15.1893978118896 0 7.659798 14.8293972015381 1.8 7.299797 14.8293972015381 1.8 7.299797 15.1893978118896 1.8 7.659798 15.1893978118896 1.8 7.479797 15.0093975067139 0
2 -46922 11.40543 5.50412607192993 0 11.04543 5.50412607192993 0 11.04543 5.86412572860718 0 11.40543 5.86412572860718 0 11.40543 5.50412607192993 1.8 11.04543 5.50412607192993 1.8 11.04543 5.86412572860718 1.8 11.40543 5.86412572860718 1.8 11.22543 5.68412590026855 0
2 -48628 9.847961 12.5491847991943 0 9.487961 12.5491847991943 0 9.487961 12.9091854095459 0 9.847961 12.9091854095459 0 9.847961 12.5491847991943 1.8 9.487961 12.5491847991943 1.8 9.487961 12.9091854095459 1.8 9.847961 12.9091854095459 1.8 9.667961 12.7291851043701 0
2 -48908 16.91988 5.84913110733032 0 16.55988 5.84913110733032 0 16.55988 6.20913076400757 0 16.91988 6.20913076400757 0 16.91988 5.84913110733032 1.8 16.55988 5.84913110733032 1.8 16.55988 6.20913076400757 1.8 16.91988 6.20913076400757 1.8 16.73988 6.02913093566895 0
2 -52334 14.88215 6.50197076797485 0 14.52215 6.50197076797485 0 14.52215 6.8619704246521 0 14.88215 6.8619704246521 0 14.88215 6.50197076797485 1.8 14.52215 6.50197076797485 1.8 14.52215 6.8619704246521 1.8 14.88215 6.8619704246521 1.8 14.70215 6.68197059631348 0
2 -52894 19.39006 5.73851346969604 0 19.03006 5.73851346969604 0 19.03006 6.09851312637329 0 19.39006 6.09851312637329 0 19.39006 5.73851346969604 1.8 19.03006 5.73851346969604 1.8 19.03006 6.09851312637329 1.8 19.39006 6.09851312637329 1.8 19.21006 5.91851329803467 0
2 -53174 8.061661 14.6376342773438 0 7.70166 14.6376342773438 0 7.70166 14.9976348876953 0 8.061661 14.9976348876953 0 8.061661 14.6376342773438 1.8 7.70166 14.6376342773438 1.8 7.70166 14.9976348876953 1.8 8.061661 14.9976348876953 1.8 7.88166 14.8176345825195 0
3 -38164 16.58923 12.3730621337891 0 16.22923 12.3730621337891 0 16.22923 12.7330627441406 0 16.58923 12.7330627441406 0 16.58923 12.3730621337891 1.8 16.22923 12.3730621337891 1.8 16.22923 12.7330627441406 1.8 16.58923 12.7330627441406 1.8 16.40923 12.5530624389648 0
3 -38444 10.61285 11.9965267181396 0 10.25285 11.9965267181396 0 10.25285 12.3565273284912 0 10.61285 12.3565273284912 0 10.61285 11.9965267181396 1.8 10.25285 11.9965267181396 1.8 10.25285 12.3565273284912 1.8 10.61285 12.3565273284912 1.8 10.43285 12.1765270233154 0
3 -39284 13.15742 10.9042873382568 0 12.79742 10.9042873382568 0 12.79742 11.2642879486084 0 13.15742 11.2642879486084 0 13.15742 10.9042873382568 1.8 12.79742 10.9042873382568 1.8 12.79742 11.2642879486084 1.8 13.15742 11.2642879486084 1.8 12.97742 11.0842876434326 0
3 -40404 18.52358 12.0651073455811 0 18.16358 12.0651073455811 0 18.16358 12.4251079559326 0 18.52358 12.4251079559326 0 18.52358 12.0651073455811 1.8 18.16358 12.0651073455811 1.8 18.16358 12.4251079559326 1.8 18.52358 12.4251079559326 1.8 18.34358 12.2451076507568 0
3 -40990 19.70384 16.2802543640137 0 19.34384 16.2802543640137 0 19.34384 16.6402549743652 0 19.70384 16.6402549743652 0 19.70384 16.2802543640137 1.8 19.34384 16.2802543640137 1.8 19.34384 16.6402549743652 1.8 19.70384 16.6402549743652 1.8 19.52384 16.4602546691895 0
3 -41550 16.42246 13.5061569213867 0 16.06246 13.5061569213867 0 16.06246 13.8661575317383 0 16.42246 13.8661575317383 0 16.42246 13.5061569213867 1.8 16.06246 13.5061569213867 1.8 16.06246 13.8661575317383 1.8 16.42246 13.8661575317383 1.8 16.24246 13.6861572265625 0
3 -42700 6.409325 5.44721269607544 0 6.049324 5.44721269607544 0 6.049324 5.80721235275269 0 6.409325 5.80721235275269 0 6.409325 5.44721269607544 1.8 6.049324 5.44721269607544 1.8 6.049324 5.80721235275269 1.8 6.409325 5.80721235275269 1.8 6.229324 5.62721252441406 0
3 -42980 11.14428 4.43344140052795 0 10.78428 4.43344140052795 0 10.78428 4.79344129562378 0 11.14428 4.79344129562378 0 11.14428 4.43344140052795 1.8 10.78428 4.43344140052795 1.8 10.78428 4.79344129562378 1.8 11.14428 4.79344129562378 1.8 10.96428 4.61344146728516 0
3 -43260 22.65396 14.0677356719971 0 22.29396 14.0677356719971 0 22.29396 14.4277362823486 0 22.65396 14.4277362823486 0 22.65396 14.0677356719971 1.8 22.29396 14.0677356719971 1.8 22.29396 14.4277362823486 1.8 22.65396 14.4277362823486 1.8 22.47396 14.2477359771729 0
3 -44100 10.30511 5.7889199256897 0 9.945107 5.7889199256897 0 9.945107 6.14891958236694 0 10.30511 6.14891958236694 0 10.30511 5.7889199256897 1.8 9.945107 5.7889199256897 1.8 9.945107 6.14891958236694 1.8 10.30511 6.14891958236694 1.8 10.12511 5.96891975402832 0
3 -44380 15.32378 5.56890153884888 0 14.96378 5.56890153884888 0 14.96378 5.92890119552612 0 15.32378 5.92890119552612 0 15.32378 5.56890153884888 1.8 14.96378 5.56890153884888 1.8 14.96378 5.92890119552612 1.8 15.32378 5.92890119552612 1.8 15.14378 5.7489013671875 0
3 -44660 20.9795 13.5929546356201 0 20.6195 13.5929546356201 0 20.6195 13.9529552459717 0 20.9795 13.9529552459717 0 20.9795 13.5929546356201 1.8 20.6195 13.5929546356201 1.8 20.6195 13.9529552459717 1.8 20.9795 13.9529552459717 1.8 20.7995 13.7729549407959 0
3 -46082 13.30284 5.79026460647583 0 12.94284 5.79026460647583 0 12.94284 6.15026426315308 0 13.30284 6.15026426315308 0 13.30284 5.79026460647583 1.8 12.94284 5.79026460647583 1.8 12.94284 6.15026426315308 1.8 13.30284 6.15026426315308 1.8 13.12284 5.97026443481445 0
3 -46362 7.973 14.3347072601318 0 7.612999 14.3347072601318 0 7.612999 14.6947078704834 0 7.973 14.6947078704834 0 7.973 14.3347072601318 1.8 7.612999 14.3347072601318 1.8 7.612999 14.6947078704834 1.8 7.973 14.6947078704834 1.8 7.792999 14.5147075653076 0
3 -46922 11.04819 5.98611307144165 0 10.68819 5.98611307144165 0 10.68819 6.3461127281189 0 11.04819 6.3461127281189 0 11.04819 5.98611307144165 1.8 10.68819 5.98611307144165 1.8 10.68819 6.3461127281189 1.8 11.04819 6.3461127281189 1.8 10.86819 6.16611289978027 0
3 -48628 9.399544 12.9477252960205 0 9.039543 12.9477252960205 0 9.039543 13.3077259063721 0 9.399544 13.3077259063721 0 9.399544 12.9477252960205 1.8 9.039543 12.9477252960205 1.8 9.039543 13.3077259063721 1.8 9.399544 13.3077259063721 1.8 9.219543 13.1277256011963 0
3 -48908 16.65533 6.38767099380493 0 16.29533 6.38767099380493 0 16.29533 6.74767065048218 0 16.65533 6.74767065048218 0 16.65533 6.38767099380493 1.8 16.29533 6.38767099380493 1.8 16.29533 6.74767065048218 1.8 16.65533 6.74767065048218 1.8 16.47533 6.56767082214355 0
3 -52334 15.48029 6.45562219619751 0 15.12029 6.45562219619751 0 15.12029 6.81562185287476 0 15.48029 6.81562185287476 0 15.48029 6.45562219619751 1.8 15.12029 6.45562219619751 1.8 15.12029 6.81562185287476 1.8 15.48029 6.81562185287476 1.8 15.30029 6.63562202453613 0
3 -52894 18.79192 5.78507661819458 0 18.43192 5.78507661819458 0 18.43192 6.14507627487183 0 18.79192 6.14507627487183 0 18.79192 5.78507661819458 1.8 18.43192 5.78507661819458 1.8 18.43192 6.14507627487183 1.8 18.79192 6.14507627487183 1.8 18.61192 5.9650764465332 0
4 -38164 17.09763 12.6917190551758 0 16.73763 12.6917190551758 0 16.73763 13.0517196655273 0 17.09763 13.0517196655273 0 17.09763 12.6917190551758 1.8 16.73763 12.6917190551758 1.8 16.73763 13.0517196655273 1.8 17.09763 13.0517196655273 1.8 16.91763 12.8717193603516 0
4 -38444 11.21291 11.9939517974854 0 10.85291 11.9939517974854 0 10.85291 12.3539524078369 0 11.21291 12.3539524078369 0 11.21291 11.9939517974854 1.8 10.85291 11.9939517974854 1.8 10.85291 12.3539524078369 1.8 11.21291 12.3539524078369 1.8 11.03291 12.1739521026611 0
4 -39284 12.55737 10.9070529937744 0 12.19737 10.9070529937744 0 12.19737 11.267053604126 0 12.55737 11.267053604126 0 12.55737 10.9070529937744 1.8 12.19737 10.9070529937744 1.8 12.19737 11.267053604126 1.8 12.55737 11.267053604126 1.8 12.37737 11.0870532989502 0
4 -40404 17.97736 11.9565601348877 0 17.61736 11.9565601348877 0 17.61736 12.3165607452393 0 17.97736 12.3165607452393 0 17.97736 11.9565601348877 1.8 17.61736 11.9565601348877 1.8 17.61736 12.3165607452393 1.8 17.97736 12.3165607452393 1.8 17.79736 12.1365604400635 0
4 -40990 19.45941 15.7323226928711 0 19.09941 15.7323226928711 0 19.09941 16.0923233032227 0 19.45941 16.0923233032227 0 19.45941 15.7323226928711 1.8 19.09941 15.7323226928711 1.8 19.09941 16.0923233032227 1.8 19.45941 16.0923233032227 1.8 19.27941 15.9123229980469 0
4 -41550 16.93315 13.8211116790771 0 16.57315 13.8211116790771 0 16.57315 14.1811122894287 0 16.93315 14.1811122894287 0 16.93315 13.8211116790771 1.8 16.57315 13.8211116790771 1.8 16.57315 14.1811122894287 1.8 16.93315 14.1811122894287 1.8 16.75315 14.0011119842529 0
4 -42700 6.047119 5.92557573318481 0 5.687119 5.92557573318481 0 5.687119 6.28557538986206 0 6.047119 6.28557538986206 0 6.047119 5.92557573318481 1.8 5.687119 5.92557573318481 1.8 5.687119 6.28557538986206 1.8 6.047119 6.28557538986206 1.8 5.867119 6.10557556152344 0
4 -42980 10.54556 4.47299122810364 0 10.18556 4.47299122810364 0 10.18556 4.83299112319946 0 10.54556 4.83299112319946 0 10.54556 4.47299122810364 1.8 10.18556 4.47299122810364 1.8 10.18556 4.83299112319946 1.8 10.54556 4.83299112319946 1.8 10.36556 4.65299129486084 0
4 -43260 22.52083 13.482702255249 0 22.16083 13.482702255249 0 22.16083 13.8427028656006 0 22.52083 13.8427028656006 0 22.52083 13.482702255249 1.8 22.16083 13.482702255249 1.8 22.16083 13.8427028656006 1.8 22.52083 13.8427028656006 1.8 22.34083 13.6627025604248 0
4 -44100 10.90363 5.74629068374634 0 10.54363 5.74629068374634 0 10.54363 6.10629034042358 0 10.90363 6.10629034042358 0 10.90363 5.74629068374634 1.8 10.54363 5.74629068374634 1.8 10.54363 6.10629034042358 1.8 10.90363 6.10629034042358 1.8 10.72363 5.92629051208496 0
4 -44380 15.85085 5.65028810501099 0 15.49085 5.65028810501099 0 15.49085 6.01028776168823 0 15.85085 6.01028776168823 0 15.85085 5.65028810501099 1.8 15.49085 5.65028810501099 1.8 15.49085 6.01028776168823 1.8 15.85085 6.01028776168823 1.8 15.67085 5.83028793334961 0
4 -44660 21.1113 14.1783199310303 0 20.7513 14.1783199310303 0 20.7513 14.5383205413818 0 21.1113 14.5383205413818 0 21.1113 14.1783199310303 1.8 20.7513 14.1783199310303 1.8 20.7513 14.5383205413818 1.8 21.1113 14.5383205413818 1.8 20.9313 14.3583202362061 0
4 -46082 13.82545 5.49546003341675 0 13.46545 5.49546003341675 0 13.46545 5.85545969009399 0 13.82545 5.85545969009399 0 13.82545 5.49546003341675 1.8 13.46545 5.49546003341675 1.8 13.46545 5.85545969009399 1.8 13.82545 5.85545969009399 1.8 13.64545 5.67545986175537 0
4 -46362 8.319099 13.8445835113525 0 7.959099 13.8445835113525 0 7.959099 14.2045841217041 0 8.319099 14.2045841217041 0 8.319099 13.8445835113525 1.8 7.959099 13.8445835113525 1.8 7.959099 14.2045841217041 1.8 8.319099 14.2045841217041 1.8 8.139099 14.0245838165283 0
4 -46922 10.72844 6.4638409614563 0 10.36844 6.4638409614563 0 10.36844 6.82384061813354 0 10.72844 6.82384061813354 0 10.72844 6.4638409614563 1.8 10.36844 6.4638409614563 1.8 10.36844 6.82384061813354 1.8 10.72844 6.82384061813354 1.8 10.54844 6.64384078979492 0
4 -48628 8.951126 13.3462657928467 0 8.591125 13.3462657928467 0 8.591125 13.7062664031982 0 8.951126 13.7062664031982 0 8.951126 13.3462657928467 1.8 8.591125 13.3462657928467 1.8 8.591125 13.7062664031982 1.8 8.951126 13.7062664031982 1.8 8.771126 13.5262660980225 0
4 -48908 16.39079 6.92621088027954 0 16.03078 6.92621088027954 0 16.03078 7.28621053695679 0 16.39079 7.28621053695679 0 16.39079 6.92621088027954 1.8 16.03078 6.92621088027954 1.8 16.03078 7.28621053695679 1.8 16.39079 7.28621053695679 1.8 16.21078 7.10621070861816 0
4 -50058 1.736557 7.01472139358521 0 1.376556 7.01472139358521 0 1.376556 7.37472105026245 0 1.736557 7.37472105026245 0 1.736557 7.01472139358521 1.8 1.376556 7.01472139358521 1.8 1.376556 7.37472105026245 1.8 1.736557 7.37472105026245 1.8 1.556557 7.19472122192383 0
4 -52334 16.07844 6.40927362442017 0 15.71844 6.40927362442017 0 15.71844 6.76927328109741 0 16.07844 6.76927328109741 0 16.07844 6.40927362442017 1.8 15.71844 6.40927362442017 1.8 15.71844 6.76927328109741 1.8 16.07844 6.76927328109741 1.8 15.89844 6.58927345275879 0
4 -52894 18.19377 5.83163976669312 0 17.83377 5.83163976669312 0 17.83377 6.19163942337036 0 18.19377 6.19163942337036 0 18.19377 5.83163976669312 1.8 17.83377 5.83163976669312 1.8 17.83377 6.19163942337036 1.8 18.19377 6.19163942337036 1.8 18.01377 6.01163959503174 0
5 -38164 17.60604 13.0103797912598 0 17.24604 13.0103797912598 0 17.24604 13.3703804016113 0 17.60604 13.3703804016113 0 17.60604 13.0103797912598 1.8 17.24604 13.0103797912598 1.8 17.24604 13.3703804016113 1.8 17.60604 13.3703804016113 1.8 17.42604 13.1903800964355 0
5 -38444 11.81296 11.9913768768311 0 11.45296 11.9913768768311 0 11.45296 12.3513774871826 0 11.81296 12.3513774871826 0 11.81296 11.9913768768311 1.8 11.45296 11.9913768768311 1.8 11.45296 12.3513774871826 1.8 11.81296 12.3513774871826 1.8 11.63296 12.1713771820068 0
5 -39284 11.95732 10.909818649292 0 11.59732 10.909818649292 0 11.59732 11.2698192596436 0 11.95732 11.2698192596436 0 11.95732 10.909818649292 1.8 11.59732 10.909818649292 1.8 11.59732 11.2698192596436 1.8 11.95732 11.2698192596436 1.8 11.77732 11.0898189544678 0
5 -40404 17.37816 11.9255657196045 0 17.01816 11.9255657196045 0 17.01816 12.2855663299561 0 17.37816 12.2855663299561 0 17.37816 11.9255657196045 1.8 17.01816 11.9255657196045 1.8 17.01816 12.2855663299561 1.8 17.37816 12.2855663299561 1.8 17.19816 12.1055660247803 0
5 -40990 19.17358 15.2418746948242 0 18.81358 15.2418746948242 0 18.81358 15.6018753051758 0 19.17358 15.6018753051758 0 19.17358 15.2418746948242 1.8 18.81358 15.2418746948242 1.8 18.81358 15.6018753051758 1.8 19.17358 15.6018753051758 1.8 18.99358 15.421875 0
5 -41550 17.44384 14.1360530853271 0 17.08384 14.1360530853271 0 17.08384 14.4960536956787 0 17.44384 14.4960536956787 0 17.44384 14.1360530853271 1.8 17.08384 14.1360530853271 1.8 17.08384 14.4960536956787 1.8 17.44384 14.4960536956787 1.8 17.26384 14.3160533905029 0
5 -42700 5.684914 6.40393877029419 0 5.324913 6.40393877029419 0 5.324913 6.76393842697144 0 5.684914 6.76393842697144 0 5.684914 6.40393877029419 1.8 5.324913 6.40393877029419 1.8 5.324913 6.76393842697144 1.8 5.684914 6.76393842697144 1.8 5.504913 6.58393859863281 0
5 -42980 9.946846 4.51254034042358 0 9.586845 4.51254034042358 0 9.586845 4.87253999710083 0 9.946846 4.87253999710083 0 9.946846 4.51254034042358 1.8 9.586845 4.51254034042358 1.8 9.586845 4.87253999710083 1.8 9.946846 4.87253999710083 1.8 9.766846 4.69254016876221 0
5 -43260 22.3877 12.8976802825928 0 22.0277 12.8976802825928 0 22.0277 13.2576808929443 0 22.3877 13.2576808929443 0 22.3877 12.8976802825928 1.8 22.0277 12.8976802825928 1.8 22.0277 13.2576808929443 1.8 22.3877 13.2576808929443 1.8 22.2077 13.0776805877686 0
5 -44100 11.50216 5.70366144180298 0 11.14216 5.70366144180298 0 11.14216 6.06366109848022 0 11.50216 6.06366109848022 0 11.50216 5.70366144180298 1.8 11.14216 5.70366144180298 1.8 11.14216 6.06366109848022 1.8 11.50216 6.06366109848022 1.8 11.32216 5.8836612701416 0
5 -44380 16.22431 6.1198296546936 0 15.86431 6.1198296546936 0 15.86431 6.47982931137085 0 16.22431 6.47982931137085 0 16.22431 6.1198296546936 1.8 15.86431 6.1198296546936 1.8 15.86431 6.47982931137085 1.8 16.22431 6.47982931137085 1.8 16.04431 6.29982948303223 0
5 -44660 21.2431 14.7636852264404 0 20.8831 14.7636852264404 0 20.8831 15.123685836792 0 21.2431 15.123685836792 0 21.2431 14.7636852264404 1.8 20.8831 14.7636852264404 1.8 20.8831 15.123685836792 1.8 21.2431 15.123685836792 1.8 21.0631 14.9436855316162 0
5 -46082 14.34807 5.20065546035767 0 13.98807 5.20065546035767 0 13.98807 5.56065511703491 0 14.34807 5.56065511703491 0 14.34807 5.20065546035767 1.8 13.98807 5.20065546035767 1.8 13.98807 5.56065511703491 1.8 14.34807 5.56065511703491 1.8 14.16807 5.38065528869629 0
5 -46362 8.55191 13.3527011871338 0 8.19191 13.3527011871338 0 8.19191 13.7127017974854 0 8.55191 13.7127017974854 0 8.55191 13.3527011871338 1.8 8.19191 13.3527011871338 1.8 8.19191 13.7127017974854 1.8 8.55191 13.7127017974854 1.8 8.37191 13.5327014923096 0
5 -46922 10.43566 6.98755121231079 0 10.07566 6.98755121231079 0 10.07566 7.34755086898804 0 10.43566 7.34755086898804 0 10.43566 6.98755121231079 1.8 10.07566 6.98755121231079 1.8 10.07566 7.34755086898804 1.8 10.43566 7.34755086898804 1.8 10.25566 7.16755104064941 0
5 -48628 8.617203 13.7437801361084 0 8.257202 13.7437801361084 0 8.257202 14.10378074646 0 8.617203 14.10378074646 0 8.617203 13.7437801361084 1.8 8.257202 13.7437801361084 1.8 8.257202 14.10378074646 1.8 8.617203 14.10378074646 1.8 8.437202 13.9237804412842 0
5 -48908 16.02535 7.34504175186157 0 15.66535 7.34504175186157 0 15.66535 7.70504140853882 0 16.02535 7.70504140853882 0 16.02535 7.34504175186157 1.8 15.66535 7.34504175186157 1.8 15.66535 7.70504140853882 1.8 16.02535 7.70504140853882 1.8 15.84535 7.5250415802002 0
5 -50058 2.122604 7.47401094436646 0 1.762604 7.47401094436646 0 1.762604 7.8340106010437 0 2.122604 7.8340106010437 0 2.122604 7.47401094436646 1.8 1.762604 7.47401094436646 1.8 1.762604 7.8340106010437 1.8 2.122604 7.8340106010437 1.8 1.942604 7.65401077270508 0
5 -52334 16.67663 6.36292505264282 0 16.31663 6.36292505264282 0 16.31663 6.72292470932007 0 16.67663 6.72292470932007 0 16.67663 6.36292505264282 1.8 16.31663 6.36292505264282 1.8 16.31663 6.72292470932007 1.8 16.67663 6.72292470932007 1.8 16.49663 6.54292488098145 0
5 -52894 17.59563 5.87820100784302 0 17.23563 5.87820100784302 0 17.23563 6.23820066452026 0 17.59563 6.23820066452026 0 17.59563 5.87820100784302 1.8 17.23563 5.87820100784302 1.8 17.23563 6.23820066452026 1.8 17.59563 6.23820066452026 1.8 17.41563 6.05820083618164 0
6 -38164 18.11444 13.3290386199951 0 17.75444 13.3290386199951 0 17.75444 13.6890392303467 0 18.11444 13.6890392303467 0 18.11444 13.3290386199951 1.8 17.75444 13.3290386199951 1.8 17.75444 13.6890392303467 1.8 18.11444 13.6890392303467 1.8 17.93444 13.5090389251709 0
6 -38444 12.41301 11.9888019561768 0 12.05301 11.9888019561768 0 12.05301 12.3488025665283 0 12.41301 12.3488025665283 0 12.41301 11.9888019561768 1.8 12.05301 11.9888019561768 1.8 12.05301 12.3488025665283 1.8 12.41301 12.3488025665283 1.8 12.23301 12.1688022613525 0
6 -39284 11.35727 10.9125843048096 0 10.99727 10.9125843048096 0 10.99727 11.2725849151611 0 11.35727 11.2725849151611 0 11.35727 10.9125843048096 1.8 10.99727 10.9125843048096 1.8 10.99727 11.2725849151611 1.8 11.35727 11.2725849151611 1.8 11.17727 11.0925846099854 0
6 -40404 16.77897 11.8945713043213 0 16.41897 11.8945713043213 0 16.41897 12.2545719146729 0 16.77897 12.2545719146729 0 16.77897 11.8945713043213 1.8 16.41897 11.8945713043213 1.8 16.41897 12.2545719146729 1.8 16.77897 12.2545719146729 1.8 16.59897 12.0745716094971 0
6 -40990 18.74109 14.8260364532471 0 18.38109 14.8260364532471 0 18.38109 15.1860370635986 0 18.74109 15.1860370635986 0 18.74109 14.8260364532471 1.8 18.38109 14.8260364532471 1.8 18.38109 15.1860370635986 1.8 18.74109 15.1860370635986 1.8 18.56109 15.0060367584229 0
6 -41550 17.86628 14.5215129852295 0 17.50628 14.5215129852295 0 17.50628 14.8815135955811 0 17.86628 14.8815135955811 0 17.86628 14.5215129852295 1.8 17.50628 14.5215129852295 1.8 17.50628 14.8815135955811 1.8 17.86628 14.8815135955811 1.8 17.68628 14.7015132904053 0
6 -42700 5.322708 6.88230180740356 0 4.962708 6.88230180740356 0 4.962708 7.24230146408081 0 5.322708 7.24230146408081 0 5.322708 6.88230180740356 1.8 4.962708 6.88230180740356 1.8 4.962708 7.24230146408081 1.8 5.322708 7.24230146408081 1.8 5.142708 7.06230163574219 0
6 -42980 9.348129 4.55209016799927 0 8.988129 4.55209016799927 0 8.988129 4.91208982467651 0 9.348129 4.91208982467651 0 9.348129 4.55209016799927 1.8 8.988129 4.55209016799927 1.8 8.988129 4.91208982467651 1.8 9.348129 4.91208982467651 1.8 9.168129 4.73208999633789 0
6 -43260 22.23119 12.3477077484131 0 21.87119 12.3477077484131 0 21.87119 12.7077083587646 0 22.23119 12.7077083587646 0 22.23119 12.3477077484131 1.8 21.87119 12.3477077484131 1.8 21.87119 12.7077083587646 1.8 22.23119 12.7077083587646 1.8 22.05119 12.5277080535889 0
6 -44100 12.10069 5.66103219985962 0 11.74068 5.66103219985962 0 11.74068 6.02103185653687 0 12.10069 6.02103185653687 0 12.10069 5.66103219985962 1.8 11.74068 5.66103219985962 1.8 11.74068 6.02103185653687 1.8 12.10069 6.02103185653687 1.8 11.92068 5.84103202819824 0
6 -44380 16.59783 6.58937120437622 0 16.23783 6.58937120437622 0 16.23783 6.94937086105347 0 16.59783 6.94937086105347 0 16.59783 6.58937120437622 1.8 16.23783 6.58937120437622 1.8 16.23783 6.94937086105347 1.8 16.59783 6.94937086105347 1.8 16.41783 6.76937103271484 0
6 -44660 21.3749 15.3490505218506 0 21.0149 15.3490505218506 0 21.0149 15.7090511322021 0 21.3749 15.7090511322021 0 21.3749 15.3490505218506 1.8 21.0149 15.3490505218506 1.8 21.0149 15.7090511322021 1.8 21.3749 15.7090511322021 1.8 21.1949 15.5290508270264 0
6 -46082 14.87068 4.90585088729858 0 14.51068 4.90585088729858 0 14.51068 5.26585054397583 0 14.87068 5.26585054397583 0 14.87068 4.90585088729858 1.8 14.51068 4.90585088729858 1.8 14.51068 5.26585054397583 1.8 14.87068 5.26585054397583 1.8 14.69068 5.08585071563721 0
6 -46362 8.922157 12.8805675506592 0 8.562157 12.8805675506592 0 8.562157 13.2405681610107 0 8.922157 13.2405681610107 0 8.922157 12.8805675506592 1.8 8.562157 12.8805675506592 1.8 8.562157 13.2405681610107 1.8 8.922157 13.2405681610107 1.8 8.742157 13.060567855835 0
6 -46922 10.14288 7.51126146316528 0 9.782883 7.51126146316528 0 9.782883 7.87126111984253 0 10.14288 7.87126111984253 0 10.14288 7.51126146316528 1.8 9.782883 7.51126146316528 1.8 9.782883 7.87126111984253 1.8 10.14288 7.87126111984253 1.8 9.962883 7.69126129150391 0
6 -48628 8.241737 14.1554317474365 0 7.881737 14.1554317474365 0 7.881737 14.5154323577881 0 8.241737 14.5154323577881 0 8.241737 14.1554317474365 1.8 7.881737 14.1554317474365 1.8 7.881737 14.5154323577881 1.8 8.241737 14.5154323577881 1.8 8.061737 14.3354320526123 0
6 -48908 15.52086 7.6697678565979 0 15.16086 7.6697678565979 0 15.16086 8.02976751327515 0 15.52086 8.02976751327515 0 15.52086 7.6697678565979 1.8 15.16086 7.6697678565979 1.8 15.16086 8.02976751327515 1.8 15.52086 8.02976751327515 1.8 15.34086 7.84976768493652 0
6 -50058 2.508652 7.93330049514771 0 2.148651 7.93330049514771 0 2.148651 8.29330015182495 0 2.508652 8.29330015182495 0 2.508652 7.93330049514771 1.8 2.148651 7.93330049514771 1.8 2.148651 8.29330015182495 1.8 2.508652 8.29330015182495 1.8 2.328651 8.11330032348633 0
6 -52334 17.27487 6.31657648086548 0 16.91487 6.31657648086548 0 16.91487 6.67657613754272 0 17.27487 6.67657613754272 0 17.27487 6.31657648086548 1.8 16.91487 6.31657648086548 1.8 16.91487 6.67657613754272 1.8 17.27487 6.67657613754272 1.8 17.09487 6.4965763092041 0
6 -52894 16.99748 5.92476415634155 0 16.63748 5.92476415634155 0 16.63748 6.2847638130188 0 16.99748 6.2847638130188 0 16.99748 5.92476415634155 1.8 16.63748 5.92476415634155 1.8 16.63748 6.2847638130188 1.8 16.99748 6.2847638130188 1.8 16.81748 6.10476398468018 0
7 -38164 18.62284 13.6477108001709 0 18.26284 13.6477108001709 0 18.26284 14.0077114105225 0 18.62284 14.0077114105225 0 18.62284 13.6477108001709 1.8 18.26284 13.6477108001709 1.8 18.26284 14.0077114105225 1.8 18.62284 14.0077114105225 1.8 18.44284 13.8277111053467 0
7 -38444 13.01306 11.9862270355225 0 12.65306 11.9862270355225 0 12.65306 12.346227645874 0 13.01306 12.346227645874 0 13.01306 11.9862270355225 1.8 12.65306 11.9862270355225 1.8 12.65306 12.346227645874 1.8 13.01306 12.346227645874 1.8 12.83306 12.1662273406982 0
7 -39284 10.75722 10.9153499603271 0 10.39722 10.9153499603271 0 10.39722 11.2753505706787 0 10.75722 11.2753505706787 0 10.75722 10.9153499603271 1.8 10.39722 10.9153499603271 1.8 10.39722 11.2753505706787 1.8 10.75722 11.2753505706787 1.8 10.57722 11.0953502655029 0
7 -40404 16.17974 11.8635768890381 0 15.81974 11.8635768890381 0 15.81974 12.2235774993896 0 16.17974 12.2235774993896 0 16.17974 11.8635768890381 1.8 15.81974 11.8635768890381 1.8 15.81974 12.2235774993896 1.8 16.17974 12.2235774993896 1.8 15.99974 12.0435771942139 0
7 -40990 18.3086 14.4101848602295 0 17.9486 14.4101848602295 0 17.9486 14.7701854705811 0 18.3086 14.7701854705811 0 18.3086 14.4101848602295 1.8 17.9486 14.4101848602295 1.8 17.9486 14.7701854705811 1.8 18.3086 14.7701854705811 1.8 18.1286 14.5901851654053 0
7 -41550 18.27721 14.9586772918701 0 17.91721 14.9586772918701 0 17.91721 15.3186779022217 0 18.27721 15.3186779022217 0 18.27721 14.9586772918701 1.8 17.91721 14.9586772918701 1.8 17.91721 15.3186779022217 1.8 18.27721 15.3186779022217 1.8 18.09721 15.1386775970459 0
7 -42700 4.960503 7.36066484451294 0 4.600502 7.36066484451294 0 4.600502 7.72066450119019 0 4.960503 7.72066450119019 0 4.960503 7.36066484451294 1.8 4.600502 7.36066484451294 1.8 4.600502 7.72066450119019 1.8 4.960503 7.72066450119019 1.8 4.780502 7.54066467285156 0
7 -42980 8.749413 4.59163904190063 0 8.389412 4.59163904190063 0 8.389412 4.95163869857788 0 8.749413 4.95163869857788 0 8.749413 4.59163904190063 1.8 8.389412 4.59163904190063 1.8 8.389412 4.95163869857788 1.8 8.749413 4.95163869857788 1.8 8.569412 4.77163887023926 0
7 -43260 21.91457 11.8380165100098 0 21.55457 11.8380165100098 0 21.55457 12.1980171203613 0 21.91457 12.1980171203613 0 21.91457 11.8380165100098 1.8 21.55457 11.8380165100098 1.8 21.55457 12.1980171203613 1.8 21.91457 12.1980171203613 1.8 21.73457 12.0180168151855 0
7 -44100 12.69921 5.61840295791626 0 12.33921 5.61840295791626 0 12.33921 5.97840261459351 0 12.69921 5.97840261459351 0 12.69921 5.61840295791626 1.8 12.33921 5.61840295791626 1.8 12.33921 5.97840261459351 1.8 12.69921 5.97840261459351 1.8 12.51921 5.79840278625488 0
7 -44380 16.97138 7.05891275405884 0 16.61138 7.05891275405884 0 16.61138 7.41891241073608 0 16.97138 7.41891241073608 0 16.97138 7.05891275405884 1.8 16.61138 7.05891275405884 1.8 16.61138 7.41891241073608 1.8 16.97138 7.41891241073608 1.8 16.79138 7.23891258239746 0
7 -44660 21.41323 15.920955657959 0 21.05323 15.920955657959 0 21.05323 16.2809562683105 0 21.41323 16.2809562683105 0 21.41323 15.920955657959 1.8 21.05323 15.920955657959 1.8 21.05323 16.2809562683105 1.8 21.41323 16.2809562683105 1.8 21.23323 16.1009559631348 0
7 -45500 3.468285 15.9127864837646 0 3.108284 15.9127864837646 0 3.108284 16.2727870941162 0 3.468285 16.2727870941162 0 3.468285 15.9127864837646 1.8 3.108284 15.9127864837646 1.8 3.108284 16.2727870941162 1.8 3.468285 16.2727870941162 1.8 3.288284 16.0927867889404 0
7 -46082 15.3933 4.6110463142395 0 15.03329 4.6110463142395 0 15.03329 4.97104597091675 0 15.3933 4.97104597091675 0 15.3933 4.6110463142395 1.8 15.03329 4.6110463142395 1.8 15.03329 4.97104597091675 1.8 15.3933 4.97104597091675 1.8 15.21329 4.79104614257813 0
7 -46362 9.271248 12.4230098724365 0 8.911247 12.4230098724365 0 8.911247 12.7830104827881 0 9.271248 12.7830104827881 0 9.271248 12.4230098724365 1.8 8.911247 12.4230098724365 1.8 8.911247 12.7830104827881 1.8 9.271248 12.7830104827881 1.8 9.091248 12.6030101776123 0
7 -46922 9.850105 8.03497171401978 0 9.490105 8.03497171401978 0 9.490105 8.39497137069702 0 9.850105 8.39497137069702 0 9.850105 8.03497171401978 1.8 9.490105 8.03497171401978 1.8 9.490105 8.39497137069702 1.8 9.850105 8.39497137069702 1.8 9.670105 8.2149715423584 0
7 -48628 8.062347 14.727991104126 0 7.702347 14.727991104126 0 7.702347 15.0879917144775 0 8.062347 15.0879917144775 0 8.062347 14.727991104126 1.8 7.702347 14.727991104126 1.8 7.702347 15.0879917144775 1.8 8.062347 15.0879917144775 1.8 7.882347 14.9079914093018 0
7 -48908 15.01637 7.99449396133423 0 14.65636 7.99449396133423 0 14.65636 8.35449361801147 0 15.01637 8.35449361801147 0 15.01637 7.99449396133423 1.8 14.65636 7.99449396133423 1.8 14.65636 8.35449361801147 1.8 15.01637 8.35449361801147 1.8 14.83636 8.17449378967285 0
7 -50058 2.894699 8.39259004592896 0 2.534698 8.39259004592896 0 2.534698 8.75259017944336 0 2.894699 8.75259017944336 0 2.894699 8.39259004592896 1.8 2.534698 8.39259004592896 1.8 2.534698 8.75259017944336 1.8 2.894699 8.75259017944336 1.8 2.714699 8.57258987426758 0
7 -52334 17.87311 6.27022790908813 0 17.51311 6.27022790908813 0 17.51311 6.63022756576538 0 17.87311 6.63022756576538 0 17.87311 6.27022790908813 1.8 17.51311 6.27022790908813 1.8 17.51311 6.63022756576538 1.8 17.87311 6.63022756576538 1.8 17.69311 6.45022773742676 0
7 -52894 16.39934 5.9713282585144 0 16.03934 5.9713282585144 0 16.03934 6.33132791519165 0 16.39934 6.33132791519165 0 16.39934 5.9713282585144 1.8 16.03934 5.9713282585144 1.8 16.03934 6.33132791519165 1.8 16.39934 6.33132791519165 1.8 16.21934 6.15132808685303 0
8 -38164 19.13125 13.9663791656494 0 18.77125 13.9663791656494 0 18.77125 14.326379776001 0 19.13125 14.326379776001 0 19.13125 13.9663791656494 1.8 18.77125 13.9663791656494 1.8 18.77125 14.326379776001 1.8 19.13125 14.326379776001 1.8 18.95125 14.1463794708252 0
8 -38444 13.61311 11.9836521148682 0 13.25311 11.9836521148682 0 13.25311 12.3436527252197 0 13.61311 12.3436527252197 0 13.61311 11.9836521148682 1.8 13.25311 11.9836521148682 1.8 13.25311 12.3436527252197 1.8 13.61311 12.3436527252197 1.8 13.43311 12.1636524200439 0
8 -39284 10.15717 10.9181156158447 0 9.797165 10.9181156158447 0 9.797165 11.2781162261963 0 10.15717 11.2781162261963 0 10.15717 10.9181156158447 1.8 9.797165 10.9181156158447 1.8 9.797165 11.2781162261963 1.8 10.15717 11.2781162261963 1.8 9.977165 11.0981159210205 0
8 -40404 15.58045 11.8325824737549 0 15.22045 11.8325824737549 0 15.22045 12.1925830841064 0 15.58045 12.1925830841064 0 15.58045 11.8325824737549 1.8 15.22045 11.8325824737549 1.8 15.22045 12.1925830841064 1.8 15.58045 12.1925830841064 1.8 15.40045 12.0125827789307 0
8 -40990 17.87611 13.9943466186523 0 17.51611 13.9943466186523 0 17.51611 14.3543472290039 0 17.87611 14.3543472290039 0 17.87611 13.9943466186523 1.8 17.51611 13.9943466186523 1.8 17.51611 14.3543472290039 1.8 17.87611 14.3543472290039 1.8 17.69611 14.1743469238281 0
8 -41550 18.68815 15.3958415985107 0 18.32815 15.3958415985107 0 18.32815 15.7558422088623 0 18.68815 15.7558422088623 0 18.68815 15.3958415985107 1.8 18.32815 15.3958415985107 1.8 18.32815 15.7558422088623 1.8 18.68815 15.7558422088623 1.8 18.50815 15.5758419036865 0
8 -42110 4.603653 6.00820207595825 0 4.243652 6.00820207595825 0 4.243652 6.3682017326355 0 4.603653 6.3682017326355 0 4.603653 6.00820207595825 1.8 4.243652 6.00820207595825 1.8 4.243652 6.3682017326355 1.8 4.603653 6.3682017326355 1.8 4.423653 6.18820190429688 0
8 -42700 4.598297 7.83902788162231 0 4.238297 7.83902788162231 0 4.238297 8.19902753829956 0 4.598297 8.19902753829956 0 4.598297 7.83902788162231 1.8 4.238297 7.83902788162231 1.8 4.238297 8.19902753829956 1.8 4.598297 8.19902753829956 1.8 4.418297 8.01902770996094 0
8 -42980 8.150696 4.63118886947632 0 7.790695 4.63118886947632 0 7.790695 4.99118852615356 0 8.150696 4.99118852615356 0 8.150696 4.63118886947632 1.8 7.790695 4.63118886947632 1.8 7.790695 4.99118852615356 1.8 8.150696 4.99118852615356 1.8 7.970695 4.81118869781494 0
8 -43260 21.59795 11.3283252716064 0 21.23795 11.3283252716064 0 21.23795 11.688325881958 0 21.59795 11.688325881958 0 21.59795 11.3283252716064 1.8 21.23795 11.3283252716064 1.8 21.23795 11.688325881958 1.8 21.59795 11.688325881958 1.8 21.41795 11.5083255767822 0
8 -44100 13.29774 5.5757737159729 0 12.93774 5.5757737159729 0 12.93774 5.93577337265015 0 13.29774 5.93577337265015 0 13.29774 5.5757737159729 1.8 12.93774 5.5757737159729 1.8 12.93774 5.93577337265015 1.8 13.29774 5.93577337265015 1.8 13.11774 5.75577354431152 0
8 -44380 17.34494 7.52845430374146 0 16.98494 7.52845430374146 0 16.98494 7.8884539604187 0 17.34494 7.8884539604187 0 17.34494 7.52845430374146 1.8 16.98494 7.52845430374146 1.8 16.98494 7.8884539604187 1.8 17.34494 7.8884539604187 1.8 17.16494 7.70845413208008 0
8 -45500 3.506622 15.3139743804932 0 3.146622 15.3139743804932 0 3.146622 15.6739749908447 0 3.506622 15.6739749908447 0 3.506622 15.3139743804932 1.8 3.146622 15.3139743804932 1.8 3.146622 15.6739749908447 1.8 3.506622 15.6739749908447 1.8 3.326622 15.4939746856689 0
8 -46082 15.91591 4.31624150276184 0 15.55591 4.31624150276184 0 15.55591 4.67624139785767 0 15.91591 4.67624139785767 0 15.91591 4.31624150276184 1.8 15.55591 4.31624150276184 1.8 15.55591 4.67624139785767 1.8 15.91591 4.67624139785767 1.8 15.73591 4.49624156951904 0
8 -46362 9.567352 11.9011669158936 0 9.207352 11.9011669158936 0 9.207352 12.2611675262451 0 9.567352 12.2611675262451 0 9.567352 11.9011669158936 1.8 9.207352 11.9011669158936 1.8 9.207352 12.2611675262451 1.8 9.567352 12.2611675262451 1.8 9.387352 12.0811672210693 0
8 -46922 9.557327 8.55868148803711 0 9.197327 8.55868148803711 0 9.197327 8.91868209838867 0 9.557327 8.91868209838867 0 9.557327 8.55868148803711 1.8 9.197327 8.55868148803711 1.8 9.197327 8.91868209838867 1.8 9.557327 8.91868209838867 1.8 9.377327 8.73868179321289 0
8 -48908 14.51187 8.31922006607056 0 14.15187 8.31922006607056 0 14.15187 8.67922019958496 0 14.51187 8.67922019958496 0 14.51187 8.31922006607056 1.8 14.15187 8.31922006607056 1.8 14.15187 8.67922019958496 1.8 14.51187 8.67922019958496 1.8 14.33187 8.49921989440918 0
8 -50058 3.280746 8.85187911987305 0 2.920746 8.85187911987305 0 2.920746 9.21187973022461 0 3.280746 9.21187973022461 0 3.280746 8.85187911987305 1.8 2.920746 8.85187911987305 1.8 2.920746 9.21187973022461 1.8 3.280746 9.21187973022461 1.8 3.100746 9.03187942504883 0
8 -52334 18.47135 6.22387933731079 0 18.11135 6.22387933731079 0 18.11135 6.58387899398804 0 18.47135 6.58387899398804 0 18.47135 6.22387933731079 1.8 18.11135 6.22387933731079 1.8 18.11135 6.58387899398804 1.8 18.47135 6.58387899398804 1.8 18.29135 6.40387916564941 0
8 -52894 15.80119 6.01788949966431 0 15.44119 6.01788949966431 0 15.44119 6.37788915634155 0 15.80119 6.37788915634155 0 15.80119 6.01788949966431 1.8 15.44119 6.01788949966431 1.8 15.44119 6.37788915634155 1.8 15.80119 6.37788915634155 1.8 15.62119 6.19788932800293 0
9 -38164 19.63965 14.2850437164307 0 19.27965 14.2850437164307 0 19.27965 14.6450443267822 0 19.63965 14.6450443267822 0 19.63965 14.2850437164307 1.8 19.27965 14.2850437164307 1.8 19.27965 14.6450443267822 1.8 19.63965 14.6450443267822 1.8 19.45965 14.4650440216064 0
9 -38444 14.21317 11.9810771942139 0 13.85316 11.9810771942139 0 13.85316 12.3410778045654 0 14.21317 12.3410778045654 0 14.21317 11.9810771942139 1.8 13.85316 11.9810771942139 1.8 13.85316 12.3410778045654 1.8 14.21317 12.3410778045654 1.8 14.03316 12.1610774993896 0
9 -39284 9.557114 10.9208812713623 0 9.197113 10.9208812713623 0 9.197113 11.2808818817139 0 9.557114 11.2808818817139 0 9.557114 10.9208812713623 1.8 9.197113 10.9208812713623 1.8 9.197113 11.2808818817139 1.8 9.557114 11.2808818817139 1.8 9.377113 11.1008815765381 0
9 -40404 14.98116 11.8015880584717 0 14.62116 11.8015880584717 0 14.62116 12.1615886688232 0 14.98116 12.1615886688232 0 14.98116 11.8015880584717 1.8 14.62116 11.8015880584717 1.8 14.62116 12.1615886688232 1.8 14.98116 12.1615886688232 1.8 14.80116 11.9815883636475 0
9 -40990 17.40548 13.6720676422119 0 17.04548 13.6720676422119 0 17.04548 14.0320682525635 0 17.40548 14.0320682525635 0 17.40548 13.6720676422119 1.8 17.04548 13.6720676422119 1.8 17.04548 14.0320682525635 1.8 17.40548 14.0320682525635 1.8 17.22548 13.8520679473877 0
9 -41550 18.82322 15.9347057342529 0 18.46322 15.9347057342529 0 18.46322 16.2947063446045 0 18.82322 16.2947063446045 0 18.82322 15.9347057342529 1.8 18.46322 15.9347057342529 1.8 18.46322 16.2947063446045 1.8 18.82322 16.2947063446045 1.8 18.64322 16.1147060394287 0
9 -42110 4.975777 6.47888803482056 0 4.615776 6.47888803482056 0 4.615776 6.8388876914978 0 4.975777 6.8388876914978 0 4.975777 6.47888803482056 1.8 4.615776 6.47888803482056 1.8 4.615776 6.8388876914978 1.8 4.975777 6.8388876914978 1.8 4.795776 6.65888786315918 0
9 -42700 4.236092 8.31739091873169 0 3.876091 8.31739091873169 0 3.876091 8.67739105224609 0 4.236092 8.67739105224609 0 4.236092 8.31739091873169 1.8 3.876091 8.31739091873169 1.8 3.876091 8.67739105224609 1.8 4.236092 8.67739105224609 1.8 4.056091 8.49739074707031 0
9 -42980 7.551979 4.67074632644653 0 7.191978 4.67074632644653 0 7.191978 5.03074598312378 0 7.551979 5.03074598312378 0 7.551979 4.67074632644653 1.8 7.191978 4.67074632644653 1.8 7.191978 5.03074598312378 1.8 7.551979 5.03074598312378 1.8 7.371979 4.85074615478516 0
9 -43260 21.28133 10.8186378479004 0 20.92133 10.8186378479004 0 20.92133 11.178638458252 0 21.28133 11.178638458252 0 21.28133 10.8186378479004 1.8 20.92133 10.8186378479004 1.8 20.92133 11.178638458252 1.8 21.28133 11.178638458252 1.8 21.10133 10.9986381530762 0
9 -44100 13.89626 5.53314447402954 0 13.53626 5.53314447402954 0 13.53626 5.89314413070679 0 13.89626 5.89314413070679 0 13.89626 5.53314447402954 1.8 13.53626 5.53314447402954 1.8 13.53626 5.89314413070679 1.8 13.89626 5.89314413070679 1.8 13.71626 5.71314430236816 0
9 -44380 17.71849 7.99799585342407 0 17.35849 7.99799585342407 0 17.35849 8.35799551010132 0 17.71849 8.35799551010132 0 17.71849 7.99799585342407 1.8 17.35849 7.99799585342407 1.8 17.35849 8.35799551010132 1.8 17.71849 8.35799551010132 1.8 17.53849 8.1779956817627 0
9 -45500 3.54496 14.7151622772217 0 3.184959 14.7151622772217 0 3.184959 15.0751628875732 0 3.54496 15.0751628875732 0 3.54496 14.7151622772217 1.8 3.184959 14.7151622772217 1.8 3.184959 15.0751628875732 1.8 3.54496 15.0751628875732 1.8 3.36496 14.8951625823975 0
9 -46082 16.43852 4.02143692970276 0 16.07852 4.02143692970276 0 16.07852 4.38143706321716 0 16.43852 4.38143706321716 0 16.43852 4.02143692970276 1.8 16.07852 4.02143692970276 1.8 16.07852 4.38143706321716 1.8 16.43852 4.38143706321716 1.8 16.25852 4.20143699645996 0
9 -46362 9.863235 11.3791980743408 0 9.503235 11.3791980743408 0 9.503235 11.7391986846924 0 9.863235 11.7391986846924 0 9.863235 11.3791980743408 1.8 9.503235 11.3791980743408 1.8 9.503235 11.7391986846924 1.8 9.863235 11.7391986846924 1.8 9.683235 11.5591983795166 0
9 -46922 9.264549 9.0823917388916 0 8.904549 9.0823917388916 0 8.904549 9.44239234924316 0 9.264549 9.44239234924316 0 9.264549 9.0823917388916 1.8 8.904549 9.0823917388916 1.8 8.904549 9.44239234924316 1.8 9.264549 9.44239234924316 1.8 9.084549 9.26239204406738 0
9 -48908 14.00738 8.64396953582764 0 13.64738 8.64396953582764 0 13.64738 9.0039701461792 0 14.00738 9.0039701461792 0 14.00738 8.64396953582764 1.8 13.64738 8.64396953582764 1.8 13.64738 9.0039701461792 1.8 14.00738 9.0039701461792 1.8 13.82738 8.82396984100342 0
9 -50058 3.666794 9.3111686706543 0 3.306793 9.3111686706543 0 3.306793 9.67116928100586 0 3.666794 9.67116928100586 0 3.666794 9.3111686706543 1.8 3.306793 9.3111686706543 1.8 3.306793 9.67116928100586 1.8 3.666794 9.67116928100586 1.8 3.486794 9.49116897583008 0
9 -52334 19.06959 6.17753076553345 0 18.70959 6.17753076553345 0 18.70959 6.53753042221069 0 19.06959 6.53753042221069 0 19.06959 6.17753076553345 1.8 18.70959 6.17753076553345 1.8 18.70959 6.53753042221069 1.8 19.06959 6.53753042221069 1.8 18.88959 6.35753059387207 0
9 -52894 15.20305 6.06445360183716 0 14.84305 6.06445360183716 0 14.84305 6.4244532585144 0 15.20305 6.4244532585144 0 15.20305 6.06445360183716 1.8 14.84305 6.06445360183716 1.8 14.84305 6.4244532585144 1.8 15.20305 6.4244532585144 1.8 15.02305 6.24445343017578 0
10 -38164 20.07472 14.6280288696289 0 19.71472 14.6280288696289 0 19.71472 14.9880294799805 0 20.07472 14.9880294799805 0 20.07472 14.6280288696289 1.8 19.71472 14.6280288696289 1.8 19.71472 14.9880294799805 1.8 20.07472 14.9880294799805 1.8 19.89472 14.8080291748047 0
10 -38444 14.7274 12.059986114502 0 14.3674 12.059986114502 0 14.3674 12.4199867248535 0 14.7274 12.4199867248535 0 14.7274 12.059986114502 1.8 14.3674 12.059986114502 1.8 14.3674 12.4199867248535 1.8 14.7274 12.4199867248535 1.8 14.5474 12.2399864196777 0
10 -39284 8.957062 10.9236469268799 0 8.597061 10.9236469268799 0 8.597061 11.2836475372314 0 8.957062 11.2836475372314 0 8.957062 10.9236469268799 1.8 8.597061 10.9236469268799 1.8 8.597061 11.2836475372314 1.8 8.957062 11.2836475372314 1.8 8.777061 11.1036472320557 0
10 -40404 14.46748 11.6837596893311 0 14.10748 11.6837596893311 0 14.10748 12.0437602996826 0 14.46748 12.0437602996826 0 14.46748 11.6837596893311 1.8 14.10748 11.6837596893311 1.8 14.10748 12.0437602996826 1.8 14.46748 12.0437602996826 1.8 14.28748 11.8637599945068 0
10 -40990 16.874 13.3935947418213 0 16.514 13.3935947418213 0 16.514 13.7535953521729 0 16.874 13.7535953521729 0 16.874 13.3935947418213 1.8 16.514 13.3935947418213 1.8 16.514 13.7535953521729 1.8 16.874 13.7535953521729 1.8 16.694 13.5735950469971 0
10 -42110 5.406105 6.85910654067993 0 5.046104 6.85910654067993 0 5.046104 7.21910619735718 0 5.406105 7.21910619735718 0 5.406105 6.85910654067993 1.8 5.046104 6.85910654067993 1.8 5.046104 7.21910619735718 1.8 5.406105 7.21910619735718 1.8 5.226105 7.03910636901855 0
10 -42700 3.873886 8.79575347900391 0 3.513885 8.79575347900391 0 3.513885 9.15575408935547 0 3.873886 9.15575408935547 0 3.873886 8.79575347900391 1.8 3.513885 8.79575347900391 1.8 3.513885 9.15575408935547 1.8 3.873886 9.15575408935547 1.8 3.693886 8.97575378417969 0
10 -42980 7.002716 4.76404047012329 0 6.642715 4.76404047012329 0 6.642715 5.12404012680054 0 7.002716 5.12404012680054 0 7.002716 4.76404047012329 1.8 6.642715 4.76404047012329 1.8 6.642715 5.12404012680054 1.8 7.002716 5.12404012680054 1.8 6.822716 4.94404029846191 0
10 -43260 20.96471 10.3089466094971 0 20.60471 10.3089466094971 0 20.60471 10.6689472198486 0 20.96471 10.6689472198486 0 20.96471 10.3089466094971 1.8 20.60471 10.3089466094971 1.8 20.60471 10.6689472198486 1.8 20.96471 10.6689472198486 1.8 20.78471 10.4889469146729 0
10 -43540 22.80753 15.872838973999 0 22.44753 15.872838973999 0 22.44753 16.2328395843506 0 22.80753 16.2328395843506 0 22.80753 15.872838973999 1.8 22.44753 15.872838973999 1.8 22.44753 16.2328395843506 1.8 22.80753 16.2328395843506 1.8 22.62753 16.0528392791748 0
10 -44100 14.49479 5.49051523208618 0 14.13479 5.49051523208618 0 14.13479 5.85051488876343 0 14.49479 5.85051488876343 0 14.49479 5.49051523208618 1.8 14.13479 5.49051523208618 1.8 14.13479 5.85051488876343 1.8 14.49479 5.85051488876343 1.8 14.31479 5.6705150604248 0
10 -44380 18.09204 8.46753740310669 0 17.73204 8.46753740310669 0 17.73204 8.82753753662109 0 18.09204 8.82753753662109 0 18.09204 8.46753740310669 1.8 17.73204 8.46753740310669 1.8 17.73204 8.82753753662109 1.8 18.09204 8.82753753662109 1.8 17.91204 8.64753723144531 0
10 -45500 3.583298 14.1163501739502 0 3.223297 14.1163501739502 0 3.223297 14.4763507843018 0 3.583298 14.4763507843018 0 3.583298 14.1163501739502 1.8 3.223297 14.1163501739502 1.8 3.223297 14.4763507843018 1.8 3.583298 14.4763507843018 1.8 3.403297 14.296350479126 0
10 -46362 10.15899 10.85715675354 0 9.798988 10.85715675354 0 9.798988 11.2171573638916 0 10.15899 11.2171573638916 0 10.15899 10.85715675354 1.8 9.798988 10.85715675354 1.8 9.798988 11.2171573638916 1.8 10.15899 11.2171573638916 1.8 9.978989 11.0371570587158 0
10 -46922 8.971771 9.60610198974609 0 8.611771 9.60610198974609 0 8.611771 9.96610260009766 0 8.971771 9.96610260009766 0 8.971771 9.60610198974609 1.8 8.611771 9.60610198974609 1.8 8.611771 9.96610260009766 1.8 8.971771 9.96610260009766 1.8 8.791771 9.78610229492188 0
10 -48908 13.50288 8.96870231628418 0 13.14288 8.96870231628418 0 13.14288 9.32870292663574 0 13.50288 9.32870292663574 0 13.50288 8.96870231628418 1.8 13.14288 8.96870231628418 1.8 13.14288 9.32870292663574 1.8 13.50288 9.32870292663574 1.8 13.32288 9.14870262145996 0
10 -50058 4.052841 9.77045822143555 0 3.692841 9.77045822143555 0 3.692841 10.1304588317871 0 4.052841 10.1304588317871 0 4.052841 9.77045822143555 1.8 3.692841 9.77045822143555 1.8 3.692841 10.1304588317871 1.8 4.052841 10.1304588317871 1.8 3.872841 9.95045852661133 0
10 -52334 19.66783 6.1311821937561 0 19.30783 6.1311821937561 0 19.30783 6.49118185043335 0 19.66783 6.49118185043335 0 19.66783 6.1311821937561 1.8 19.30783 6.1311821937561 1.8 19.30783 6.49118185043335 1.8 19.66783 6.49118185043335 1.8 19.48783 6.31118202209473 0
10 -52894 14.6049 6.11101675033569 0 14.2449 6.11101675033569 0 14.2449 6.47101640701294 0 14.6049 6.47101640701294 0 14.6049 6.11101675033569 1.8 14.2449 6.11101675033569 1.8 14.2449 6.47101640701294 1.8 14.6049 6.47101640701294 1.8 14.4249 6.29101657867432 0
