1 95350 6.263187 9.374208 1.683998 6.263187 9.374208 0.01399809
1 64538 15.7543 4.877847 1.684 15.7543 4.877847 0.014
1 98186 5.236958 7.783991 1.684 5.236958 7.783991 0.014
1 97878 17.3744 3.633363 1.683998 17.3744 3.633363 0.01399809
1 72178 22.75346 13.58295 1.683998 22.75346 13.58295 0.01399809
1 88488 18.65942 5.788919 1.683998 18.65942 5.788919 0.01399809
1 83036 16.39799 12.91686 1.684 16.39799 12.91686 0.014
1 73616 20.82194 3.922633 1.684 20.82194 3.922633 0.014
1 66512 9.111687 9.925463 1.684 9.111687 9.925463 0.014
1 98524 7.835373 10.15988 1.683998 7.835373 10.15988 0.01399809
1 78310 11.77625 13.26814 1.683998 11.77625 13.26814 0.0139981
1 85594 11.76855 14.77566 1.684 11.76855 14.77566 0.01400005
1 71520 2.858879 9.603121 1.684 2.858879 9.603121 0.014
1 78316 2.950401 8.949564 1.684 2.950401 8.949564 0.014
1 83628 12.71645 7.812646 1.684002 12.71645 7.812646 0.01400178
1 85044 11.59448 7.769319 1.684 11.59448 7.769319 0.01399986
1 64352 20.11361 12.04594 1.684 20.11361 12.04594 0.01400018
1 86476 20.99166 11.14067 1.684 20.99166 11.14067 0.01400008
2 95350 6.264141 9.974213 1.683998 6.264141 9.974213 0.01399809
2 64538 15.16016 4.961437 1.684 15.16016 4.961437 0.014
2 98186 5.362354 7.2218 1.684 5.362354 7.2218 0.014
2 97878 17.96835 3.548295 1.683998 17.96835 3.548295 0.01399809
2 72178 22.77901 14.18243 1.683998 22.77901 14.18243 0.01399809
2 88488 18.06109 5.743572 1.683998 18.06109 5.743572 0.01399809
2 83036 16.85766 12.53119 1.684 16.85766 12.53119 0.014
2 73616 20.22341 3.881077 1.684 20.22341 3.881077 0.014
2 66512 9.111687 9.925463 1.684 9.111687 9.925463 0.014
2 98524 7.835373 10.15988 1.683998 7.835373 10.15988 0.01399809
2 78310 11.77625 13.26814 1.683998 11.77625 13.26814 0.0139981
2 85594 11.76855 14.77566 1.684 11.76855 14.77566 0.01400005
2 71520 2.858879 9.603121 1.684 2.858879 9.603121 0.014
2 78316 2.950401 8.949564 1.684 2.950401 8.949564 0.014
2 83628 12.71645 7.812646 1.684002 12.71645 7.812646 0.01400178
2 85044 11.59448 7.769319 1.684 11.59448 7.769319 0.01399986
2 64352 20.11361 12.04594 1.684 20.11361 12.04594 0.01400018
2 86476 20.99166 11.14067 1.684 20.99166 11.14067 0.01400008
3 95350 6.265095 10.57422 1.683998 6.265095 10.57422 0.01399809
3 64538 14.56602 5.045027 1.684 14.56602 5.045027 0.014
3 84960 24.53204 3.93574 1.683998 24.53204 3.93574 0.01399809
3 98186 5.624847 6.710758 1.684 5.624847 6.710758 0.014
3 97878 18.5623 3.463227 1.683998 18.5623 3.463227 0.01399809
3 72178 22.80457 14.78191 1.683998 22.80457 14.78191 0.01399809
3 88488 17.46275 5.698225 1.683998 17.46275 5.698225 0.01399809
3 83036 17.31733 12.14553 1.684 17.31733 12.14553 0.014
3 73616 19.62489 3.83952 1.684 19.62489 3.83952 0.014
3 66512 9.111687 9.925463 1.684 9.111687 9.925463 0.014
3 98524 7.835373 10.15988 1.683998 7.835373 10.15988 0.01399809
3 78310 11.77625 13.26814 1.683998 11.77625 13.26814 0.0139981
3 85594 11.76855 14.77566 1.684 11.76855 14.77566 0.01400005
3 71520 2.858879 9.603121 1.684 2.858879 9.603121 0.014
3 78316 2.950401 8.949564 1.684 2.950401 8.949564 0.014
3 83628 12.71645 7.812646 1.684002 12.71645 7.812646 0.01400178
3 85044 11.59448 7.769319 1.684 11.59448 7.769319 0.01399986
3 64352 20.11361 12.04594 1.684 20.11361 12.04594 0.01400018
3 86476 20.99166 11.14067 1.684 20.99166 11.14067 0.01400008
4 95350 6.266048 11.17422 1.683998 6.266048 11.17422 0.01399809
4 64538 13.97189 5.128616 1.684 13.97189 5.128616 0.014
4 84960 23.93218 3.923367 1.683998 23.93218 3.923367 0.01399809
4 98186 5.957748 6.276369 1.684 5.957748 6.276369 0.014
4 97878 19.15625 3.37816 1.683998 19.15625 3.37816 0.01399809
4 88488 16.86442 5.652878 1.683998 16.86442 5.652878 0.01399809
4 83036 17.777 11.75986 1.684 17.777 11.75986 0.014
4 73616 19.02636 3.797964 1.684 19.02636 3.797964 0.014
4 77294 16.5737 14.64736 1.683998 16.5737 14.64736 0.01399809
4 66512 9.111687 9.925463 1.684 9.111687 9.925463 0.014
4 98524 7.835373 10.15988 1.683998 7.835373 10.15988 0.01399809
4 78310 11.77625 13.26814 1.683998 11.77625 13.26814 0.0139981
4 85594 11.76855 14.77566 1.684 11.76855 14.77566 0.01400005
4 71520 2.858879 9.603121 1.684 2.858879 9.603121 0.014
4 78316 2.950401 8.949564 1.684 2.950401 8.949564 0.014
4 83628 12.71645 7.812646 1.684002 12.71645 7.812646 0.01400178
4 85044 11.59448 7.769319 1.684 11.59448 7.769319 0.01399986
4 64352 20.11361 12.04594 1.684 20.11361 12.04594 0.01400018
4 86476 20.99166 11.14067 1.684 20.99166 11.14067 0.01400008
5 95350 6.267002 11.77423 1.683998 6.267002 11.77423 0.01399809
5 64538 13.37775 5.212206 1.684 13.37775 5.212206 0.014
5 84960 23.33232 3.910993 1.683998 23.33232 3.910993 0.01399809
5 98186 6.383179 5.88796 1.684 6.383179 5.88796 0.014
5 97878 19.7502 3.293092 1.683998 19.7502 3.293092 0.01399809
5 88488 16.26608 5.607531 1.683998 16.26608 5.607531 0.01399809
5 83036 18.23667 11.3742 1.684 18.23667 11.3742 0.014
5 73616 18.42783 3.756408 1.684 18.42783 3.756408 0.014
5 77294 16.55005 14.04784 1.683998 16.55005 14.04784 0.01399809
5 66512 9.111687 9.925463 1.684 9.111687 9.925463 0.014
5 98524 7.835373 10.15988 1.683998 7.835373 10.15988 0.01399809
5 78310 11.77625 13.26814 1.683998 11.77625 13.26814 0.0139981
5 85594 11.76855 14.77566 1.684 11.76855 14.77566 0.01400005
5 71520 2.858879 9.603121 1.684 2.858879 9.603121 0.014
5 78316 2.950401 8.949564 1.684 2.950401 8.949564 0.014
5 83628 12.71645 7.812646 1.684002 12.71645 7.812646 0.01400178
5 85044 11.59448 7.769319 1.684 11.59448 7.769319 0.01399986
5 64352 20.11361 12.04594 1.684 20.11361 12.04594 0.01400018
5 86476 20.99166 11.14067 1.684 20.99166 11.14067 0.01400008
6 95350 6.267956 12.37423 1.683998 6.267956 12.37423 0.01399809
6 64538 12.78361 5.295795 1.684 12.78361 5.295795 0.014
6 84960 22.78442 3.967281 1.683998 22.78442 3.967281 0.01399809
6 98186 6.890697 5.615292 1.684 6.890697 5.615292 0.014
6 97878 20.34415 3.208024 1.683998 20.34415 3.208024 0.01399809
6 88488 15.66775 5.562183 1.683998 15.66775 5.562183 0.01399809
6 83036 18.59903 10.92986 1.684 18.59903 10.92986 0.014
6 73616 17.82931 3.714851 1.684 17.82931 3.714851 0.014
6 77294 16.5264 13.44831 1.683998 16.5264 13.44831 0.01399809
6 66512 9.111687 9.925463 1.684 9.111687 9.925463 0.014
6 98524 7.835373 10.15988 1.683998 7.835373 10.15988 0.01399809
6 78310 11.77625 13.26814 1.683998 11.77625 13.26814 0.0139981
6 85594 11.76855 14.77566 1.684 11.76855 14.77566 0.01400005
6 71520 2.858879 9.603121 1.684 2.858879 9.603121 0.014
6 78316 2.950401 8.949564 1.684 2.950401 8.949564 0.014
6 83628 12.71645 7.812646 1.684002 12.71645 7.812646 0.01400178
6 85044 11.59448 7.769319 1.684 11.59448 7.769319 0.01399986
6 64352 20.11361 12.04594 1.684 20.11361 12.04594 0.01400018
6 86476 20.99166 11.14067 1.684 20.99166 11.14067 0.01400008
7 95350 6.268909 12.97423 1.683998 6.268909 12.97423 0.01399809
7 64538 12.18972 5.380956 1.684 12.18972 5.380956 0.014
7 84960 22.18971 4.04615 1.683998 22.18971 4.04615 0.01399809
7 98186 7.379402 5.358575 1.684 7.379402 5.358575 0.014
7 97878 20.9381 3.122956 1.683998 20.9381 3.122956 0.01399809
7 88488 15.06941 5.516836 1.683998 15.06941 5.516836 0.01399809
7 83036 18.96124 10.45155 1.684 18.96124 10.45155 0.014
7 73616 17.23078 3.673295 1.684 17.23078 3.673295 0.014
7 77294 16.50275 12.84878 1.683998 16.50275 12.84878 0.01399809
7 66512 9.111687 9.925463 1.684 9.111687 9.925463 0.014
7 98524 7.835373 10.15988 1.683998 7.835373 10.15988 0.01399809
7 78310 11.77625 13.26814 1.683998 11.77625 13.26814 0.0139981
7 85594 11.76855 14.77566 1.684 11.76855 14.77566 0.01400005
7 71520 2.858879 9.603121 1.684 2.858879 9.603121 0.014
7 78316 2.950401 8.949564 1.684 2.950401 8.949564 0.014
7 83628 12.71645 7.812646 1.684002 12.71645 7.812646 0.01400178
7 85044 11.59448 7.769319 1.684 11.59448 7.769319 0.01399986
7 64352 20.11361 12.04594 1.684 20.11361 12.04594 0.01400018
7 86476 20.99166 11.14067 1.684 20.99166 11.14067 0.01400008
8 64538 11.59596 5.467216 1.684 11.59596 5.467216 0.014
8 84960 21.595 4.125019 1.683998 21.595 4.125019 0.01399809
8 98186 7.969959 5.252697 1.684 7.969959 5.252697 0.014
8 97878 21.48715 3.07028 1.683998 21.48715 3.07028 0.01399809
8 88488 14.47108 5.471489 1.683998 14.47108 5.471489 0.01399809
8 83036 19.32344 9.973232 1.684 19.32344 9.973232 0.014
8 73616 16.63226 3.631739 1.684 16.63226 3.631739 0.014
8 77294 16.4791 12.24925 1.683998 16.4791 12.24925 0.01399809
8 66512 9.111687 9.925463 1.684 9.111687 9.925463 0.014
8 98524 7.835373 10.15988 1.683998 7.835373 10.15988 0.01399809
8 78310 11.77625 13.26814 1.683998 11.77625 13.26814 0.0139981
8 85594 11.76855 14.77566 1.684 11.76855 14.77566 0.01400005
8 71520 2.858879 9.603121 1.684 2.858879 9.603121 0.014
8 78316 2.950401 8.949564 1.684 2.950401 8.949564 0.014
8 83628 12.71645 7.812646 1.684002 12.71645 7.812646 0.01400178
8 85044 11.59448 7.769319 1.684 11.59448 7.769319 0.01399986
8 64352 20.11361 12.04594 1.684 20.11361 12.04594 0.01400018
8 86476 20.99166 11.14067 1.684 20.99166 11.14067 0.01400008
9 64538 11.0022 5.553475 1.684 11.0022 5.553475 0.014
9 84960 21.00029 4.203888 1.683998 21.00029 4.203888 0.01399809
9 98186 8.561619 5.153061 1.684 8.561619 5.153061 0.014
9 97878 22.0872 3.075764 1.683998 22.0872 3.075764 0.01399809
9 88488 13.87274 5.426142 1.683998 13.87274 5.426142 0.01399809
9 83036 19.68565 9.494917 1.684 19.68565 9.494917 0.014
9 73616 16.0622 3.548529 1.684 16.0622 3.548529 0.014
9 77294 16.63304 11.69628 1.683998 16.63304 11.69628 0.01399809
9 66512 9.111687 9.925463 1.684 9.111687 9.925463 0.014
9 98524 7.835373 10.15988 1.683998 7.835373 10.15988 0.01399809
9 78310 11.77625 13.26814 1.683998 11.77625 13.26814 0.0139981
9 85594 11.76855 14.77566 1.684 11.76855 14.77566 0.01400005
9 71520 2.858879 9.603121 1.684 2.858879 9.603121 0.014
9 78316 2.950401 8.949564 1.684 2.950401 8.949564 0.014
9 83628 12.71645 7.812646 1.684002 12.71645 7.812646 0.01400178
9 85044 11.59448 7.769319 1.684 11.59448 7.769319 0.01399986
9 64352 20.11361 12.04594 1.684 20.11361 12.04594 0.01400018
9 86476 20.99166 11.14067 1.684 20.99166 11.14067 0.01400008
10 64538 10.40845 5.639735 1.684 10.40845 5.639735 0.014
10 84960 20.40558 4.282757 1.683998 20.40558 4.282757 0.01399809
10 98186 9.153275 5.053427 1.684 9.153275 5.053427 0.014
10 97878 22.68726 3.081247 1.683998 22.68726 3.081247 0.01399809
10 88488 13.27441 5.380795 1.683998 13.27441 5.380795 0.01399809
10 83036 20.04785 9.016602 1.684 20.04785 9.016602 0.014
10 73616 15.46883 3.460171 1.684 15.46883 3.460171 0.014
10 77294 16.81157 11.12345 1.683998 16.81157 11.12345 0.01399809
10 66512 9.111687 9.925463 1.684 9.111687 9.925463 0.014
10 98524 7.835373 10.15988 1.683998 7.835373 10.15988 0.01399809
10 78310 11.77625 13.26814 1.683998 11.77625 13.26814 0.0139981
10 85594 11.76855 14.77566 1.684 11.76855 14.77566 0.01400005
10 71520 2.858879 9.603121 1.684 2.858879 9.603121 0.014
10 78316 2.950401 8.949564 1.684 2.950401 8.949564 0.014
10 83628 12.71645 7.812646 1.684002 12.71645 7.812646 0.01400178
10 85044 11.59448 7.769319 1.684 11.59448 7.769319 0.01399986
10 64352 20.11361 12.04594 1.684 20.11361 12.04594 0.01400018
10 86476 20.99166 11.14067 1.684 20.99166 11.14067 0.01400008
11 64538 9.81469 5.725995 1.684 9.81469 5.725995 0.014
11 84960 19.81087 4.361626 1.683998 19.81087 4.361626 0.01399809
11 98186 9.744934 4.953791 1.684 9.744934 4.953791 0.014
11 97878 23.28731 3.086731 1.683998 23.28731 3.086731 0.01399809
11 88488 12.67607 5.335447 1.683998 12.67607 5.335447 0.01399809
11 83036 20.41006 8.538286 1.684 20.41006 8.538286 0.014
11 73616 14.87545 3.371813 1.684 14.87545 3.371813 0.014
11 77294 16.9901 10.55063 1.683998 16.9901 10.55063 0.01399809
11 66512 9.111687 9.925463 1.684 9.111687 9.925463 0.014
11 98524 7.835373 10.15988 1.683998 7.835373 10.15988 0.01399809
11 78310 11.77625 13.26814 1.683998 11.77625 13.26814 0.0139981
11 85594 11.76855 14.77566 1.684 11.76855 14.77566 0.01400005
11 71520 2.858879 9.603121 1.684 2.858879 9.603121 0.014
11 78316 2.950401 8.949564 1.684 2.950401 8.949564 0.014
11 83628 12.71645 7.812646 1.684002 12.71645 7.812646 0.01400178
11 85044 11.59448 7.769319 1.684 11.59448 7.769319 0.01399986
11 64352 20.11361 12.04594 1.684 20.11361 12.04594 0.01400018
11 86476 20.99166 11.14067 1.684 20.99166 11.14067 0.01400008
