1 95350 976.1337 18.64783 975.1937 122.2601
1 64538 579.8414 147.6624 622.6094 333.226
1 98186 883.0488 13.39978 887.3513 113.1313
1 97878 339.3214 204.5408 422.7889 418.7057
1 88488 619.3422 254.0047 671.3689 489.6738
1 83036 1516.258 143.2946 1454.643 326.4816
1 73616 11.08658 449.1882 217.7542 742.7567
1 66512 1034.653 39.29993 1029.623 157.7477
1 98524 1035.764 28.88708 1031.006 139.941
1 78310 1326.258 62.67059 1297.874 197.0858
1 85594 1437.518 60.82581 1400.889 194.0115
1 71520 968.1687 0.2022705 967.7606 89.97223
1 78316 936.7997 0.9274902 937.9664 91.25262
1 83628 905.7963 82.09698 910.4437 229.1412
1 85044 897.7103 67.14117 902.6565 204.5133
1 64352 1784.343 304.4746 1643.739 559.0665
1 86476 1762.824 385.7776 1604.043 664.9082
2 95350 1010.176 18.27173 1007.261 121.6075
2 64538 605.1591 132.6019 642.9471 309.86
2 98186 852.1018 14.46606 858.1862 114.9897
2 97878 282.9774 230.6363 380.6049 456.5232
2 88488 631.087 224.6987 677.7952 447.9929
2 83036 1505.521 156.7902 1442.185 347.2346
2 73616 102.9681 382.187 271.4733 660.3811
2 66512 1034.653 39.29993 1029.623 157.7477
2 98524 1035.764 28.88708 1031.006 139.941
2 78310 1326.258 62.67059 1297.874 197.0858
2 85594 1437.518 60.82581 1400.889 194.0115
2 71520 968.1687 0.2022705 967.7606 89.97223
2 78316 936.7997 0.9274902 937.9664 91.25262
2 83628 905.7963 82.09698 910.4437 229.1412
2 85044 897.7103 67.14117 902.6565 204.5133
2 64352 1784.343 304.4746 1643.739 559.0665
2 86476 1762.824 385.7776 1604.043 664.9082
3 95350 1044.01 17.89807 1039.144 120.9587
3 64538 627.621 119.2401 661.2227 288.8632
3 98186 823.2935 16.35071 831.1177 118.2703
3 97878 216.2353 261.5493 331.846 500.2363
3 88488 641.056 199.8242 683.3788 411.7783
3 83036 1493.547 171.8416 1428.466 370.0882
3 73616 175.0076 329.6563 315.6702 592.6084
3 66512 1034.653 39.29993 1029.623 157.7477
3 98524 1035.764 28.88708 1031.006 139.941
3 78310 1326.258 62.67059 1297.874 197.0858
3 85594 1437.518 60.82581 1400.889 194.0115
3 71520 968.1687 0.2022705 967.7606 89.97223
3 78316 936.7997 0.9274902 937.9664 91.25262
3 83628 905.7963 82.09698 910.4437 229.1412
3 85044 897.7103 67.14117 902.6565 204.5133
3 64352 1784.343 304.4746 1643.739 559.0665
3 86476 1762.824 385.7776 1604.043 664.9082
4 95350 1077.639 17.52673 1070.844 120.3137
4 64538 647.6847 107.3047 677.7347 269.8922
4 98186 797.7934 18.69226 807.2466 122.3375
4 97878 135.9212 298.7474 274.8435 551.3394
4 88488 649.6238 178.4457 688.2754 380.0201
4 83036 1480.107 188.7335 1413.284 395.3777
4 73616 233.0069 287.3633 352.6711 535.8697
4 77294 1716.936 143.3247 1633.084 326.5279
4 66512 1034.653 39.29993 1029.623 157.7477
4 98524 1035.764 28.88708 1031.006 139.941
4 78310 1326.258 62.67059 1297.874 197.0858
4 85594 1437.518 60.82581 1400.889 194.0115
4 71520 968.1687 0.2022705 967.7606 89.97223
4 78316 936.7997 0.9274902 937.9664 91.25262
4 83628 905.7963 82.09698 910.4437 229.1412
4 85044 897.7103 67.14117 902.6565 204.5133
4 64352 1784.343 304.4746 1643.739 559.0665
4 86476 1762.824 385.7776 1604.043 664.9082
5 95350 1111.064 17.15735 1102.364 119.6722
5 64538 665.7148 96.57922 692.7268 252.6677
5 98186 773.6396 21.70825 784.751 127.5629
5 97878 37.42928 344.3645 207.3153 611.8784
5 88488 657.0661 159.8757 692.6041 351.9442
5 83036 1464.917 207.8271 1396.392 423.5158
5 73616 280.7054 252.5811 384.101 487.6738
5 77294 1650.502 144.2737 1573.749 327.9955
5 66512 1034.653 39.29993 1029.623 157.7477
5 98524 1035.764 28.88708 1031.006 139.941
5 78310 1326.258 62.67059 1297.874 197.0858
5 85594 1437.518 60.82581 1400.889 194.0115
5 71520 968.1687 0.2022705 967.7606 89.97223
5 78316 936.7997 0.9274902 937.9664 91.25262
5 83628 905.7963 82.09698 910.4437 229.1412
5 85044 897.7103 67.14117 902.6565 204.5133
5 64352 1784.343 304.4746 1643.739 559.0665
5 86476 1762.824 385.7776 1604.043 664.9082
6 95350 1144.287 16.79053 1133.703 119.0346
6 64538 682.0054 86.88782 706.3993 236.9589
6 98186 754.9158 25.36987 767.4769 133.8868
6 97878 -86.20148 401.6251 126.0478 684.735
6 88488 663.5911 143.5943 696.4585 326.9448
6 83036 1430.996 225.3698 1363.994 448.9597
6 73616 320.6236 223.4723 411.1298 446.2263
6 77294 1583.556 145.2302 1514.008 329.4731
6 66512 1034.653 39.29993 1029.623 157.7477
6 98524 1035.764 28.88708 1031.006 139.941
6 78310 1326.258 62.67059 1297.874 197.0858
6 85594 1437.518 60.82581 1400.889 194.0115
6 71520 968.1687 0.2022705 967.7606 89.97223
6 78316 936.7997 0.9274902 937.9664 91.25262
6 83628 905.7963 82.09698 910.4437 229.1412
6 85044 897.7103 67.14117 902.6565 204.5133
6 64352 1784.343 304.4746 1643.739 559.0665
6 86476 1762.824 385.7776 1604.043 664.9082
7 95350 1177.31 16.42578 1164.865 118.4005
7 64538 696.93 78.09003 719.0415 222.5765
7 98186 736.1971 29.09814 750.274 140.3034
7 88488 669.3588 129.2031 699.9126 304.5424
7 83036 1387.738 245.1694 1323.782 477.218
7 73616 354.522 198.7536 434.6218 410.2028
7 77294 1516.094 146.194 1453.857 330.9609
7 66512 1034.653 39.29993 1029.623 157.7477
7 98524 1035.764 28.88708 1031.006 139.941
7 78310 1326.258 62.67059 1297.874 197.0858
7 85594 1437.518 60.82581 1400.889 194.0115
7 71520 968.1687 0.2022705 967.7606 89.97223
7 78316 936.7997 0.9274902 937.9664 91.25262
7 83628 905.7963 82.09698 910.4437 229.1412
7 85044 897.7103 67.14117 902.6565 204.5133
7 64352 1784.343 304.4746 1643.739 559.0665
7 86476 1762.824 385.7776 1604.043 664.9082
8 95350 1210.135 16.06311 1195.851 117.7698
8 64538 710.6312 70.06653 730.7436 209.3577
8 84960 -102.2588 566.1107 165.6392 876.5636
8 98186 725.4574 33.73462 740.6891 148.2524
8 88488 674.4933 116.3901 703.0253 284.352
8 83036 1338.953 267.4982 1279.241 508.5175
8 73616 383.6664 177.5012 455.2283 378.6038
8 77294 1448.108 147.165 1393.292 332.4588
8 66512 1034.653 39.29993 1029.623 157.7477
8 98524 1035.764 28.88708 1031.006 139.941
8 78310 1326.258 62.67059 1297.874 197.0858
8 85594 1437.518 60.82581 1400.889 194.0115
8 71520 968.1687 0.2022705 967.7606 89.97223
8 78316 936.7997 0.9274902 937.9664 91.25262
8 83628 905.7963 82.09698 910.4437 229.1412
8 85044 897.7103 67.14117 902.6565 204.5133
8 64352 1784.343 304.4746 1643.739 559.0665
8 86476 1762.824 385.7776 1604.043 664.9082
9 95350 1242.763 15.70264 1226.661 117.1428
9 64538 723.178 62.71887 741.5361 197.1663
9 84960 56.43488 469.1176 258.7245 766.4271
9 98186 714.3588 38.70947 730.8475 156.7425
9 88488 679.0939 104.9108 705.8453 266.0622
9 83036 1283.509 292.8754 1229.634 543.3784
9 73616 402.2498 159.9861 467.7056 352.1132
9 77294 1395.085 152.8434 1345.247 341.1912
9 66512 1034.653 39.29993 1029.623 157.7477
9 98524 1035.764 28.88708 1031.006 139.941
9 78310 1326.258 62.67059 1297.874 197.0858
9 85594 1437.518 60.82581 1400.889 194.0115
9 71520 968.1687 0.2022705 967.7606 89.97223
9 78316 936.7997 0.9274902 937.9664 91.25262
9 83628 905.7963 82.09698 910.4437 229.1412
9 85044 897.7103 67.14117 902.6565 204.5133
9 64352 1784.343 304.4746 1643.739 559.0665
9 86476 1762.824 385.7776 1604.043 664.9082
10 95350 1275.197 15.3446 1257.299 116.5195
10 64538 734.7103 55.96533 751.5211 185.8871
10 84960 175.0144 396.6414 333.0161 678.5266
10 98186 702.4305 44.05603 720.3212 165.8228
10 88488 683.2397 94.56561 708.4117 249.416
10 83036 1219.942 321.9694 1174.042 582.4437
10 73616 419.0787 143.9315 479.1317 327.4666
10 77294 1338.604 159.557 1294.236 351.4584
10 66512 1034.653 39.29993 1029.623 157.7477
10 98524 1035.764 28.88708 1031.006 139.941
10 78310 1326.258 62.67059 1297.874 197.0858
10 85594 1437.518 60.82581 1400.889 194.0115
10 71520 968.1687 0.2022705 967.7606 89.97223
10 78316 936.7997 0.9274902 937.9664 91.25262
10 83628 905.7963 82.09698 910.4437 229.1412
10 85044 897.7103 67.14117 902.6565 204.5133
10 64352 1784.343 304.4746 1643.739 559.0665
10 86476 1762.824 385.7776 1604.043 664.9082
11 64538 745.3464 49.73694 760.786 175.4214
11 84960 266.9838 340.4286 393.6839 606.7447
11 98186 689.5757 49.81787 709.0362 175.5576
11 88488 686.9949 85.19574 710.7575 234.202
11 83036 1146.327 355.6634 1111.314 626.5246
11 73616 433.9806 129.7151 489.3872 305.345
11 77294 1279.096 166.631 1240.819 362.2106
11 66512 1034.653 39.29993 1029.623 157.7477
11 98524 1035.764 28.88708 1031.006 139.941
11 78310 1326.258 62.67059 1297.874 197.0858
11 85594 1437.518 60.82581 1400.889 194.0115
11 71520 968.1687 0.2022705 967.7606 89.97223
11 78316 936.7997 0.9274902 937.9664 91.25262
11 83628 905.7963 82.09698 910.4437 229.1412
11 85044 897.7103 67.14117 902.6565 204.5133
11 64352 1784.343 304.4746 1643.739 559.0665
11 86476 1762.824 385.7776 1604.043 664.9082
